03-10-2015 12-58-28
Blocking per SRC-DST nodes

S	D	T	Req	Blocked	U	SimTime
12	5	0	72	0	0	418.8771270792352
12	5	1	28	0	0	418.8771270792352
6	2	0	79	0	0	420.1035579973246
6	2	1	21	0	0	420.1035579973246
6	11	0	72	0	0	422.02106600320394
6	11	1	28	0	0	422.02106600320394
14	10	0	76	0	0	445.2719310486509
14	10	1	24	2	2	445.2719310486509
10	9	0	82	0	0	455.54632576327265
10	9	1	18	0	0	455.54632576327265
12	9	0	82	0	0	457.95171711803755
12	9	1	18	0	0	457.95171711803755
14	3	0	80	0	0	465.4829043045794
14	3	1	20	0	0	465.4829043045794
2	6	0	79	0	0	467.2395427531537
2	6	1	21	0	0	467.2395427531537
11	7	0	80	0	0	469.6023197410326
11	7	1	20	0	0	469.6023197410326
2	12	0	72	0	0	469.82965772497624
2	12	1	28	0	0	469.82965772497624
6	12	0	78	0	0	471.6363802924907
6	12	1	22	0	0	471.6363802924907
14	7	0	82	0	0	472.80790095380235
14	7	1	18	0	0	472.80790095380235
3	4	0	83	0	0	474.61753975183933
3	4	1	17	0	0	474.61753975183933
10	4	0	79	0	0	476.2438086160812
10	4	1	21	0	0	476.2438086160812
7	11	0	83	0	0	476.81745744739237
7	11	1	17	0	0	476.81745744739237
12	2	0	85	0	0	477.92034208429794
12	2	1	15	0	0	477.92034208429794
10	3	0	80	0	0	480.0606790008235
10	3	1	20	0	0	480.0606790008235
2	3	0	78	0	0	482.7025190914515
2	3	1	22	0	0	482.7025190914515
12	7	0	86	0	0	484.1995341341526
12	7	1	14	0	0	484.1995341341526
5	12	0	86	0	0	485.47183420963796
5	12	1	14	0	0	485.47183420963796
4	1	0	80	0	0	487.37835249126925
4	1	1	20	0	0	487.37835249126925
3	6	0	83	0	0	487.8113628517748
3	6	1	17	0	0	487.8113628517748
13	10	0	80	0	0	488.11348563417965
13	10	1	20	0	0	488.11348563417965
5	1	0	78	0	0	488.259626814262
5	1	1	22	0	0	488.259626814262
4	10	0	82	0	0	488.5341330669018
4	10	1	18	0	0	488.5341330669018
5	14	0	83	0	0	488.8113436282734
5	14	1	17	0	0	488.8113436282734
13	11	0	77	0	0	490.45922502084676
13	11	1	23	0	0	490.45922502084676
14	6	0	86	0	0	491.21042714213337
14	6	1	14	0	0	491.21042714213337
6	3	0	75	0	0	491.46500489597315
6	3	1	25	0	0	491.46500489597315
14	9	0	80	0	0	491.95924032364775
14	9	1	20	4	4	491.95924032364775
12	14	0	77	0	0	494.65063314371594
12	14	1	23	0	0	494.65063314371594
7	1	0	85	0	0	496.371502453637
7	1	1	15	0	0	496.371502453637
1	3	0	86	0	0	496.7036821359835
1	3	1	14	0	0	496.7036821359835
8	10	0	75	0	0	496.8573916286554
8	10	1	25	2	2	496.8573916286554
7	6	0	86	0	0	499.52673281790425
7	6	1	14	1	1	499.52673281790425
13	7	0	82	0	0	502.4974425306286
13	7	1	18	0	0	502.4974425306286
4	7	0	80	0	0	503.4103070143418
4	7	1	20	0	0	503.4103070143418
6	13	0	82	0	0	503.59518908479487
6	13	1	18	0	0	503.59518908479487
7	13	0	83	0	0	503.9830628326849
7	13	1	17	0	0	503.9830628326849
5	11	0	77	0	0	505.0418511957079
5	11	1	23	0	0	505.0418511957079
2	13	0	80	0	0	505.054656812012
2	13	1	20	0	0	505.054656812012
13	5	0	79	0	0	506.4516558109043
13	5	1	21	0	0	506.4516558109043
7	3	0	83	0	0	506.55096786112153
7	3	1	17	0	0	506.55096786112153
9	2	0	87	0	0	507.29313415880694
9	2	1	13	0	0	507.29313415880694
14	8	0	79	0	0	507.5150638917626
14	8	1	21	0	0	507.5150638917626
11	3	0	73	0	0	508.5873579963892
11	3	1	27	2	2	508.5873579963892
10	11	0	75	0	0	508.82443904406887
10	11	1	25	0	0	508.82443904406887
9	3	0	76	0	0	508.8872869540311
9	3	1	24	0	0	508.8872869540311
5	2	0	80	0	0	509.47499276101536
5	2	1	20	0	0	509.47499276101536
14	11	0	79	0	0	510.0637151144851
14	11	1	21	1	1	510.0637151144851
12	11	0	84	0	0	510.29626959846644
12	11	1	16	0	0	510.29626959846644
8	11	0	81	0	0	511.24448002523656
8	11	1	19	2	2	511.24448002523656
1	10	0	79	0	0	512.2490730582415
1	10	1	21	0	0	512.2490730582415
4	5	0	84	0	0	513.0322431784437
4	5	1	16	0	0	513.0322431784437
5	13	0	66	0	0	513.2003996967529
5	13	1	34	0	0	513.2003996967529
1	4	0	85	0	0	513.9419815896148
1	4	1	15	0	0	513.9419815896148
9	10	0	78	0	0	513.9841192676355
9	10	1	22	0	0	513.9841192676355
13	3	0	79	0	0	514.8285604431003
13	3	1	21	0	0	514.8285604431003
3	12	0	88	0	0	514.835538927834
3	12	1	12	1	1	514.835538927834
3	8	0	83	0	0	516.7692239556917
3	8	1	17	0	0	516.7692239556917
8	9	0	79	0	0	517.4265263473648
8	9	1	21	1	1	517.4265263473648
7	14	0	88	0	0	518.2014823589723
7	14	1	12	0	0	518.2014823589723
3	10	0	80	0	0	518.9928009763001
3	10	1	20	0	0	518.9928009763001
6	14	0	82	0	0	520.403554049422
6	14	1	18	0	0	520.403554049422
1	9	0	80	0	0	520.7971418394708
1	9	1	20	0	0	520.7971418394708
14	2	0	81	0	0	520.866235862309
14	2	1	19	0	0	520.866235862309
7	4	0	82	0	0	521.6433302627274
7	4	1	18	0	0	521.6433302627274
11	2	0	86	0	0	521.6925728890266
11	2	1	14	0	0	521.6925728890266
13	8	0	70	0	0	522.7212561306098
13	8	1	30	0	0	522.7212561306098
5	6	0	89	0	0	523.6641368646208
5	6	1	11	0	0	523.6641368646208
11	6	0	83	0	0	523.8421234943813
11	6	1	17	1	1	523.8421234943813
6	9	0	76	0	0	524.9187082930812
6	9	1	24	1	1	524.9187082930812
9	5	0	81	0	0	525.5999806195172
9	5	1	19	0	0	525.5999806195172
2	1	0	79	0	0	526.8829458016424
2	1	1	21	0	0	526.8829458016424
12	3	0	80	0	0	527.2496734680453
12	3	1	20	0	0	527.2496734680453
13	14	0	82	0	0	527.7078174424807
13	14	1	18	0	0	527.7078174424807
11	4	0	72	0	0	528.7415412747556
11	4	1	28	0	0	528.7415412747556
10	7	0	80	0	0	529.8719767951526
10	7	1	20	0	0	529.8719767951526
1	2	0	74	0	0	530.4659649611203
1	2	1	26	0	0	530.4659649611203
5	3	0	75	0	0	530.5661999824539
5	3	1	25	0	0	530.5661999824539
2	4	0	80	0	0	531.8430062353983
2	4	1	20	0	0	531.8430062353983
13	6	0	75	0	0	532.4845598390344
13	6	1	25	0	0	532.4845598390344
9	14	0	82	0	0	535.1764532447472
9	14	1	18	0	0	535.1764532447472
7	2	0	79	0	0	535.1781456029627
7	2	1	21	0	0	535.1781456029627
4	14	0	76	0	0	535.492464799465
4	14	1	24	0	0	535.492464799465
8	4	0	78	0	0	535.8758898267929
8	4	1	22	1	1	535.8758898267929
3	1	0	89	0	0	536.382170461932
3	1	1	11	0	0	536.382170461932
3	11	0	73	0	0	537.7694473534261
3	11	1	27	4	4	537.7694473534261
1	11	0	87	0	0	538.8256990222163
1	11	1	13	1	1	538.8256990222163
14	13	0	79	0	0	539.4440186640187
14	13	1	21	0	0	539.4440186640187
13	4	0	87	0	0	540.555055491107
13	4	1	13	0	0	540.555055491107
1	12	0	79	0	0	541.3340898993342
1	12	1	21	0	0	541.3340898993342
2	9	0	78	0	0	541.6827411045502
2	9	1	22	1	1	541.6827411045502
3	9	0	79	0	0	542.1997583354081
3	9	1	21	0	0	542.1997583354081
6	10	0	74	0	0	542.6546289997517
6	10	1	26	0	0	542.6546289997517
7	8	0	78	0	0	544.1186159483796
7	8	1	22	0	0	544.1186159483796
6	4	0	71	0	0	544.2369663775122
6	4	1	29	4	4	544.2369663775122
4	11	0	83	0	0	544.8652533780053
4	11	1	17	0	0	544.8652533780053
14	5	0	78	0	0	545.6808764500723
14	5	1	22	2	2	545.6808764500723
9	7	0	82	0	0	547.0563832029575
9	7	1	18	0	0	547.0563832029575
7	9	0	77	0	0	548.5291554388837
7	9	1	23	0	0	548.5291554388837
7	10	0	86	0	0	548.6208879971193
7	10	1	14	0	0	548.6208879971193
8	2	0	80	0	0	548.9306739409767
8	2	1	20	0	0	548.9306739409767
1	14	0	87	0	0	549.2251420123449
1	14	1	13	0	0	549.2251420123449
9	12	0	71	0	0	550.7125710384481
9	12	1	29	1	1	550.7125710384481
14	1	0	79	0	0	553.5173487780029
14	1	1	21	0	0	553.5173487780029
2	10	0	78	0	0	555.177603672855
2	10	1	22	0	0	555.177603672855
10	14	0	82	0	0	555.3640204984641
10	14	1	18	0	0	555.3640204984641
4	9	0	77	0	0	558.1552739559565
4	9	1	23	0	0	558.1552739559565
14	4	0	80	0	0	558.6485485446742
14	4	1	20	0	0	558.6485485446742
8	1	0	71	0	0	558.8860157266188
8	1	1	29	0	0	558.8860157266188
9	6	0	83	0	0	558.9449798760263
9	6	1	17	1	1	558.9449798760263
9	4	0	83	0	0	561.715997832706
9	4	1	17	0	0	561.715997832706
3	2	0	85	0	0	561.8656559262498
3	2	1	15	0	0	561.8656559262498
3	5	0	84	0	0	562.0092745718504
3	5	1	16	0	0	562.0092745718504
5	8	0	82	0	0	562.6117561605523
5	8	1	18	0	0	562.6117561605523
10	2	0	82	0	0	562.849949299559
10	2	1	18	1	1	562.849949299559
11	5	0	77	0	0	564.5569143904668
11	5	1	23	0	0	564.5569143904668
8	3	0	83	0	0	565.7525939947027
8	3	1	17	0	0	565.7525939947027
10	8	0	83	0	0	567.5908496529443
10	8	1	17	0	0	567.5908496529443
9	8	0	77	0	0	568.3178592365878
9	8	1	23	0	0	568.3178592365878
1	13	0	80	0	0	569.0891475442703
1	13	1	20	0	0	569.0891475442703
2	14	0	75	0	0	570.4695088114319
2	14	1	25	0	0	570.4695088114319
5	7	0	80	0	0	570.7444411462384
5	7	1	20	0	0	570.7444411462384
12	13	0	80	0	0	570.8180351715096
12	13	1	20	0	0	570.8180351715096
5	4	0	74	0	0	571.1602141231419
5	4	1	26	0	0	571.1602141231419
6	5	0	75	0	0	571.678357110838
6	5	1	25	0	0	571.678357110838
12	4	0	82	0	0	572.2233216999001
12	4	1	18	0	0	572.2233216999001
13	2	0	75	0	0	572.9706488211907
13	2	1	25	0	0	572.9706488211907
5	9	0	77	0	0	578.7017319242859
5	9	1	23	0	0	578.7017319242859
13	9	0	81	0	0	579.1365769321445
13	9	1	19	0	0	579.1365769321445
4	3	0	85	0	0	580.2101383159351
4	3	1	15	0	0	580.2101383159351
12	8	0	77	0	0	581.4372246848023
12	8	1	23	0	0	581.4372246848023
8	7	0	78	0	0	582.0467850209604
8	7	1	22	0	0	582.0467850209604
12	10	0	84	0	0	582.0860669996548
12	10	1	16	0	0	582.0860669996548
13	1	0	80	0	0	583.3190267695904
13	1	1	20	0	0	583.3190267695904
14	12	0	79	0	0	584.2964471866093
14	12	1	21	0	0	584.2964471866093
1	5	0	83	0	0	584.4235047115433
1	5	1	17	0	0	584.4235047115433
11	1	0	80	0	0	585.6943663841464
11	1	1	20	1	1	585.6943663841464
4	2	0	73	0	0	585.9747037590733
4	2	1	27	1	1	585.9747037590733
9	1	0	76	0	0	586.0526092127276
9	1	1	24	0	0	586.0526092127276
10	6	0	77	0	0	586.2705245282064
10	6	1	23	1	1	586.2705245282064
10	13	0	84	0	0	588.6871759190012
10	13	1	16	0	0	588.6871759190012
3	14	0	82	0	0	589.2070800509472
3	14	1	18	0	0	589.2070800509472
10	12	0	81	0	0	590.6224801413347
10	12	1	19	0	0	590.6224801413347
6	8	0	78	0	0	590.9822860241586
6	8	1	22	0	0	590.9822860241586
4	6	0	80	0	0	593.1880736823795
4	6	1	20	3	3	593.1880736823795
2	11	0	86	0	0	594.4604333911411
2	11	1	14	3	3	594.4604333911411
11	13	0	88	0	0	596.9400189158864
11	13	1	12	0	0	596.9400189158864
3	13	0	74	0	0	603.3681370570073
3	13	1	26	0	0	603.3681370570073
7	5	0	79	0	0	604.5315628277649
7	5	1	21	0	0	604.5315628277649
4	13	0	77	0	0	607.9261913068588
4	13	1	23	0	0	607.9261913068588
7	12	0	77	0	0	609.0598112172779
7	12	1	23	0	0	609.0598112172779
11	8	0	75	0	0	609.3368292844494
11	8	1	25	0	0	609.3368292844494
3	7	0	77	0	0	609.4544011551806
3	7	1	23	0	0	609.4544011551806
4	12	0	82	0	0	609.8396678130975
4	12	1	18	0	0	609.8396678130975
12	1	0	85	0	0	612.2898111731483
12	1	1	15	0	0	612.2898111731483
2	8	0	82	0	0	613.5359475968384
2	8	1	18	0	0	613.5359475968384
10	1	0	82	0	0	614.5086377388268
10	1	1	18	0	0	614.5086377388268
2	5	0	79	0	0	615.0223564965215
2	5	1	21	0	0	615.0223564965215
10	5	0	74	0	0	617.131192789796
10	5	1	26	0	0	617.131192789796
8	13	0	79	0	0	619.2766413164089
8	13	1	21	0	0	619.2766413164089
8	14	0	76	0	0	619.3164297190491
8	14	1	24	0	0	619.3164297190491
1	8	0	86	0	0	619.8573790646551
1	8	1	14	0	0	619.8573790646551
6	7	0	77	0	0	620.7762613477581
6	7	1	23	1	1	620.7762613477581
9	11	0	75	0	0	621.3945221779375
9	11	1	25	0	0	621.3945221779375
11	14	0	78	0	0	621.419208232051
11	14	1	22	1	1	621.419208232051
2	7	0	81	0	0	623.9600479981235
2	7	1	19	0	0	623.9600479981235
4	8	0	84	0	0	626.5105653308284
4	8	1	16	0	0	626.5105653308284
5	10	0	76	0	0	628.7733082483828
5	10	1	24	0	0	628.7733082483828
9	13	0	85	0	0	630.3206367460499
9	13	1	15	0	0	630.3206367460499
6	1	0	79	0	0	630.823071286724
6	1	1	21	0	0	630.823071286724
8	6	0	80	0	0	631.784459270431
8	6	1	20	0	0	631.784459270431
12	6	0	81	0	0	632.9713233324766
12	6	1	19	0	0	632.9713233324766
8	5	0	82	0	0	644.130306695944
8	5	1	18	2	2	644.130306695944
1	6	0	80	0	0	644.579976008146
1	6	1	20	0	0	644.579976008146
8	12	0	79	0	0	649.8173339973312
8	12	1	21	0	0	649.8173339973312
11	9	0	80	0	0	653.7529234074333
11	9	1	20	0	0	653.7529234074333
11	10	0	83	0	0	654.3556891607396
11	10	1	17	0	0	654.3556891607396
13	12	0	78	0	0	669.5511969957598
13	12	1	22	0	0	669.5511969957598
1	7	0	76	0	0	671.936159121259
1	7	1	24	0	0	671.936159121259
11	12	0	87	0	0	684.9495074662366
11	12	1	13	0	0	684.9495074662366
2	13	0	77	0	0	935.7323090299828
2	13	1	23	0	0	935.7323090299828
14	8	0	81	0	0	941.9329072605028
14	8	1	19	1	1	941.9329072605028
3	12	0	79	0	0	943.8946608439737
3	12	1	21	0	0	943.8946608439737
3	6	0	73	0	0	947.1360339546667
3	6	1	27	0	0	947.1360339546667
13	7	0	84	0	0	960.2048605430986
13	7	1	16	0	0	960.2048605430986
13	4	0	87	0	0	965.198495907676
13	4	1	13	1	1	965.198495907676
12	5	0	80	0	0	968.9637627237446
12	5	1	20	0	0	968.9637627237446
11	6	0	81	0	0	970.8539464085165
11	6	1	19	0	0	970.8539464085165
2	3	0	83	0	0	977.7442907204642
2	3	1	17	0	0	977.7442907204642
12	3	0	81	0	0	984.1828180014445
12	3	1	19	0	0	984.1828180014445
8	4	0	77	0	0	987.1442724159236
8	4	1	23	0	0	987.1442724159236
1	3	0	80	0	0	991.031727294742
1	3	1	20	0	0	991.031727294742
12	7	0	84	0	0	991.5131483319801
12	7	1	16	0	0	991.5131483319801
10	4	0	85	0	0	999.549594768318
10	4	1	15	0	0	999.549594768318
14	10	0	77	0	0	999.7222548710255
14	10	1	23	1	1	999.7222548710255
5	14	0	73	0	0	1002.4629725840057
5	14	1	27	2	2	1002.4629725840057
7	1	0	77	0	0	1002.840740862861
7	1	1	23	0	0	1002.840740862861
4	7	0	80	0	0	1006.2139956527844
4	7	1	20	0	0	1006.2139956527844
2	12	0	74	0	0	1007.2932581496725
2	12	1	26	0	0	1007.2932581496725
10	11	0	80	0	0	1007.3148805376245
10	11	1	20	0	0	1007.3148805376245
3	1	0	82	0	0	1010.79586691874
3	1	1	18	0	0	1010.79586691874
12	14	0	81	0	0	1011.4540777144261
12	14	1	19	0	0	1011.4540777144261
13	6	0	80	0	0	1012.2713653073386
13	6	1	20	0	0	1012.2713653073386
14	3	0	70	0	0	1012.4854846941643
14	3	1	30	0	0	1012.4854846941643
10	9	0	74	0	0	1013.0119564105363
10	9	1	26	0	0	1013.0119564105363
13	5	0	80	0	0	1013.1078772438875
13	5	1	20	0	0	1013.1078772438875
6	13	0	77	0	0	1013.5802380105188
6	13	1	23	0	0	1013.5802380105188
5	1	0	88	0	0	1015.4865931182215
5	1	1	12	0	0	1015.4865931182215
9	7	0	80	0	0	1020.9970956177954
9	7	1	20	0	0	1020.9970956177954
7	11	0	79	0	0	1021.5966081329993
7	11	1	21	0	0	1021.5966081329993
5	12	0	79	0	0	1024.4212545993662
5	12	1	21	0	0	1024.4212545993662
5	9	0	80	0	0	1027.0127777788337
5	9	1	20	0	0	1027.0127777788337
13	9	0	83	0	0	1028.583032520966
13	9	1	17	0	0	1028.583032520966
8	10	0	80	0	0	1029.3908524329347
8	10	1	20	0	0	1029.3908524329347
5	2	0	81	0	0	1029.9151834512604
5	2	1	19	0	0	1029.9151834512604
13	14	0	83	0	0	1031.287906860082
13	14	1	17	0	0	1031.287906860082
6	2	0	69	0	0	1031.5860277573047
6	2	1	31	0	0	1031.5860277573047
6	11	0	78	0	0	1031.9822086742245
6	11	1	22	2	2	1031.9822086742245
7	6	0	81	0	0	1033.949467498198
7	6	1	19	0	0	1033.949467498198
3	8	0	81	0	0	1037.5322536941837
3	8	1	19	0	0	1037.5322536941837
6	12	0	76	0	0	1037.6114714158848
6	12	1	24	1	1	1037.6114714158848
8	2	0	83	0	0	1038.6129405314055
8	2	1	17	0	0	1038.6129405314055
11	5	0	79	0	0	1038.8857890035747
11	5	1	21	0	0	1038.8857890035747
9	14	0	84	0	0	1039.184793919439
9	14	1	16	3	3	1039.184793919439
8	11	0	85	0	0	1040.3165184216289
8	11	1	15	1	1	1040.3165184216289
4	14	0	76	0	0	1040.4358813736246
4	14	1	24	0	0	1040.4358813736246
1	4	0	86	0	0	1043.8121402949218
1	4	1	14	0	0	1043.8121402949218
7	14	0	73	0	0	1044.8965018826732
7	14	1	27	0	0	1044.8965018826732
1	10	0	83	0	0	1045.0259484507399
1	10	1	17	0	0	1045.0259484507399
2	14	0	75	0	0	1046.3292990562513
2	14	1	25	0	0	1046.3292990562513
12	9	0	80	0	0	1046.372764356606
12	9	1	20	0	0	1046.372764356606
4	10	0	76	0	0	1046.4157899681773
4	10	1	24	0	0	1046.4157899681773
2	6	0	76	0	0	1052.1434857034574
2	6	1	24	0	0	1052.1434857034574
12	2	0	83	0	0	1052.2175964294756
12	2	1	17	0	0	1052.2175964294756
13	3	0	78	0	0	1052.7455457623855
13	3	1	22	0	0	1052.7455457623855
14	2	0	76	0	0	1052.8656586966413
14	2	1	24	0	0	1052.8656586966413
3	14	0	77	0	0	1055.4490513603112
3	14	1	23	0	0	1055.4490513603112
9	5	0	76	0	0	1055.8354906905793
9	5	1	24	0	0	1055.8354906905793
5	6	0	86	0	0	1060.063869273069
5	6	1	14	1	1	1060.063869273069
14	1	0	82	0	0	1060.2769079645373
14	1	1	18	0	0	1060.2769079645373
10	7	0	77	0	0	1061.9224261824731
10	7	1	23	0	0	1061.9224261824731
4	2	0	83	0	0	1062.323844907928
4	2	1	17	0	0	1062.323844907928
9	3	0	81	0	0	1063.190551337415
9	3	1	19	0	0	1063.190551337415
13	8	0	85	0	0	1065.4136177742675
13	8	1	15	0	0	1065.4136177742675
7	4	0	80	0	0	1065.4281114000723
7	4	1	20	0	0	1065.4281114000723
14	4	0	75	0	0	1068.6571017581275
14	4	1	25	0	0	1068.6571017581275
8	13	0	83	0	0	1069.5850173261776
8	13	1	17	0	0	1069.5850173261776
14	5	0	76	0	0	1069.8101292477506
14	5	1	24	1	1	1069.8101292477506
13	10	0	82	0	0	1071.9667621310564
13	10	1	18	0	0	1071.9667621310564
7	5	0	75	0	0	1073.2842463413265
7	5	1	25	0	0	1073.2842463413265
7	8	0	81	0	0	1073.7288085206915
7	8	1	19	0	0	1073.7288085206915
1	14	0	80	0	0	1074.1853034197002
1	14	1	20	0	0	1074.1853034197002
7	13	0	76	0	0	1075.3636997980147
7	13	1	24	0	0	1075.3636997980147
11	1	0	80	1	1	1076.3647516009155
11	1	1	20	0	0	1076.3647516009155
11	7	0	85	0	0	1077.0834236633868
11	7	1	15	0	0	1077.0834236633868
8	1	0	81	0	0	1080.3276916424797
8	1	1	19	0	0	1080.3276916424797
2	5	0	81	0	0	1081.8505687497257
2	5	1	19	0	0	1081.8505687497257
9	1	0	89	0	0	1082.7968698803356
9	1	1	11	0	0	1082.7968698803356
3	2	0	80	0	0	1082.971438716125
3	2	1	20	0	0	1082.971438716125
3	9	0	75	0	0	1083.6204428611409
3	9	1	25	0	0	1083.6204428611409
11	8	0	76	0	0	1084.6156386838238
11	8	1	24	0	0	1084.6156386838238
11	2	0	80	1	1	1085.5997637505377
11	2	1	20	3	3	1085.5997637505377
10	12	0	79	0	0	1086.6245209951135
10	12	1	21	0	0	1086.6245209951135
2	1	0	73	0	0	1088.821169046516
2	1	1	27	0	0	1088.821169046516
14	9	0	80	0	0	1090.2146575833976
14	9	1	20	0	0	1090.2146575833976
12	4	0	78	0	0	1090.5753286096624
12	4	1	22	0	0	1090.5753286096624
6	9	0	76	0	0	1090.6885306077454
6	9	1	24	0	0	1090.6885306077454
14	6	0	71	0	0	1090.9656513171224
14	6	1	29	0	0	1090.9656513171224
7	2	0	82	0	0	1091.26820423027
7	2	1	18	0	0	1091.26820423027
6	14	0	79	0	0	1091.2852593239027
6	14	1	21	0	0	1091.2852593239027
6	5	0	85	0	0	1092.2751052463557
6	5	1	15	0	0	1092.2751052463557
7	9	0	79	0	0	1093.6859019573492
7	9	1	21	0	0	1093.6859019573492
9	2	0	81	0	0	1094.2221700144582
9	2	1	19	0	0	1094.2221700144582
13	11	0	79	0	0	1094.3782703887885
13	11	1	21	0	0	1094.3782703887885
7	3	0	72	0	0	1095.034657862582
7	3	1	28	0	0	1095.034657862582
5	8	0	83	0	0	1096.3151259717008
5	8	1	17	2	2	1096.3151259717008
3	11	0	79	0	0	1096.9873454638225
3	11	1	21	0	0	1096.9873454638225
5	3	0	78	0	0	1098.930878782311
5	3	1	22	0	0	1098.930878782311
4	1	0	76	0	0	1099.1623697185585
4	1	1	24	0	0	1099.1623697185585
8	5	0	88	0	0	1099.2229373370342
8	5	1	12	1	1	1099.2229373370342
9	10	0	85	0	0	1101.0235474844467
9	10	1	15	0	0	1101.0235474844467
14	7	0	81	0	0	1106.3925435031313
14	7	1	19	0	0	1106.3925435031313
9	12	0	86	0	0	1106.6365849124072
9	12	1	14	0	0	1106.6365849124072
9	8	0	84	0	0	1106.912708214299
9	8	1	16	1	1	1106.912708214299
4	5	0	75	0	0	1107.2367695850348
4	5	1	25	0	0	1107.2367695850348
2	9	0	70	0	0	1109.4551370765198
2	9	1	30	0	0	1109.4551370765198
11	14	0	83	0	0	1110.8580563064982
11	14	1	17	0	0	1110.8580563064982
1	13	0	78	0	0	1113.529461941899
1	13	1	22	0	0	1113.529461941899
14	12	0	86	0	0	1115.5331698464583
14	12	1	14	0	0	1115.5331698464583
1	5	0	81	0	0	1115.5400224682116
1	5	1	19	0	0	1115.5400224682116
8	9	0	76	0	0	1116.1772294848454
8	9	1	24	0	0	1116.1772294848454
7	10	0	80	0	0	1116.3450345909746
7	10	1	20	0	0	1116.3450345909746
9	4	0	81	0	0	1116.5793139473578
9	4	1	19	0	0	1116.5793139473578
6	10	0	76	0	0	1117.6554879164612
6	10	1	24	0	0	1117.6554879164612
4	13	0	83	0	0	1118.2648656588274
4	13	1	17	0	0	1118.2648656588274
8	7	0	80	0	0	1118.3346811053755
8	7	1	20	0	0	1118.3346811053755
1	2	0	78	0	0	1126.2197836044622
1	2	1	22	0	0	1126.2197836044622
10	13	0	85	0	0	1127.041129034834
10	13	1	15	0	0	1127.041129034834
10	2	0	81	0	0	1127.1996852230968
10	2	1	19	0	0	1127.1996852230968
1	11	0	77	0	0	1127.2177081967518
1	11	1	23	2	2	1127.2177081967518
13	1	0	88	0	0	1127.3310972114703
13	1	1	12	0	0	1127.3310972114703
1	8	0	86	0	0	1127.9494012956773
1	8	1	14	1	1	1127.9494012956773
5	7	0	78	0	0	1129.0794526072227
5	7	1	22	0	0	1129.0794526072227
9	11	0	78	0	0	1130.0158168511662
9	11	1	22	0	0	1130.0158168511662
1	6	0	83	0	0	1130.9478458354415
1	6	1	17	0	0	1130.9478458354415
11	4	0	75	0	0	1131.7022254538792
11	4	1	25	0	0	1131.7022254538792
11	13	0	81	0	0	1132.5513924405152
11	13	1	19	0	0	1132.5513924405152
2	4	0	84	0	0	1134.7031612982375
2	4	1	16	0	0	1134.7031612982375
12	8	0	77	0	0	1135.5917033719224
12	8	1	23	0	0	1135.5917033719224
11	3	0	86	0	0	1136.1433061227558
11	3	1	14	1	1	1136.1433061227558
10	5	0	80	0	0	1136.6888409919156
10	5	1	20	0	0	1136.6888409919156
14	13	0	83	0	0	1137.244898040863
14	13	1	17	0	0	1137.244898040863
8	6	0	78	0	0	1141.1684668638152
8	6	1	22	0	0	1141.1684668638152
10	6	0	83	0	0	1142.086531266678
10	6	1	17	0	0	1142.086531266678
6	3	0	78	0	0	1144.7579444207456
6	3	1	22	0	0	1144.7579444207456
12	11	0	77	0	0	1146.55045205506
12	11	1	23	0	0	1146.55045205506
1	9	0	83	0	0	1147.382040173805
1	9	1	17	0	0	1147.382040173805
10	3	0	86	0	0	1147.4021695877059
10	3	1	14	0	0	1147.4021695877059
4	6	0	83	0	0	1148.3566613841192
4	6	1	17	2	2	1148.3566613841192
10	14	0	73	0	0	1148.492331463617
10	14	1	27	1	1	1148.492331463617
13	2	0	76	0	0	1150.573906326155
13	2	1	24	0	0	1150.573906326155
4	11	0	81	0	0	1151.8229186593449
4	11	1	19	0	0	1151.8229186593449
1	12	0	84	0	0	1152.2369094428918
1	12	1	16	0	0	1152.2369094428918
13	12	0	82	0	0	1156.4774232793961
13	12	1	18	0	0	1156.4774232793961
3	7	0	77	0	0	1157.3541667171824
3	7	1	23	0	0	1157.3541667171824
5	11	0	85	0	0	1158.1893213697733
5	11	1	15	0	0	1158.1893213697733
3	4	0	81	0	0	1158.510586477032
3	4	1	19	0	0	1158.510586477032
6	4	0	87	0	0	1161.8162272307902
6	4	1	13	1	1	1161.8162272307902
3	5	0	79	0	0	1165.8490998904495
3	5	1	21	0	0	1165.8490998904495
2	10	0	74	0	0	1169.6647269535056
2	10	1	26	0	0	1169.6647269535056
14	11	0	83	0	0	1172.7530857567422
14	11	1	17	2	2	1172.7530857567422
2	8	0	82	0	0	1173.0546016388455
2	8	1	18	1	1	1173.0546016388455
5	13	0	82	0	0	1173.2747787753729
5	13	1	18	0	0	1173.2747787753729
8	3	0	77	0	0	1175.0026353317257
8	3	1	23	0	0	1175.0026353317257
6	8	0	87	0	0	1175.9929216822452
6	8	1	13	0	0	1175.9929216822452
12	10	0	79	0	0	1176.152266246927
12	10	1	21	0	0	1176.152266246927
10	8	0	72	0	0	1178.58969607092
10	8	1	28	1	1	1178.58969607092
9	6	0	83	0	0	1179.507063827401
9	6	1	17	2	2	1179.507063827401
3	13	0	71	0	0	1180.2407279902857
3	13	1	29	0	0	1180.2407279902857
8	14	0	87	0	0	1182.063580347807
8	14	1	13	0	0	1182.063580347807
2	7	0	88	0	0	1184.59623279915
2	7	1	12	0	0	1184.59623279915
6	7	0	82	0	0	1187.1003266966954
6	7	1	18	1	1	1187.1003266966954
8	12	0	76	0	0	1188.443746082774
8	12	1	24	0	0	1188.443746082774
3	10	0	78	0	0	1192.5679107603144
3	10	1	22	0	0	1192.5679107603144
5	4	0	79	0	0	1197.1215294642063
5	4	1	21	0	0	1197.1215294642063
4	12	0	79	0	0	1201.91164581494
4	12	1	21	0	0	1201.91164581494
4	3	0	79	0	0	1212.7600460904364
4	3	1	21	0	0	1212.7600460904364
12	1	0	88	0	0	1216.369498993974
12	1	1	12	0	0	1216.369498993974
2	11	0	76	0	0	1219.2990795299127
2	11	1	24	0	0	1219.2990795299127
9	13	0	81	0	0	1220.6142008851284
9	13	1	19	0	0	1220.6142008851284
4	9	0	79	0	0	1220.7035847635175
4	9	1	21	0	0	1220.7035847635175
12	13	0	79	0	0	1227.6371323982155
12	13	1	21	0	0	1227.6371323982155
10	1	0	79	0	0	1229.2336510573994
10	1	1	21	0	0	1229.2336510573994
11	12	0	76	0	0	1240.0599002368635
11	12	1	24	0	0	1240.0599002368635
11	9	0	75	0	0	1244.2860450042112
11	9	1	25	0	0	1244.2860450042112
12	6	0	83	0	0	1261.4577222428984
12	6	1	17	0	0	1261.4577222428984
11	10	0	81	0	0	1268.9680766507634
11	10	1	19	0	0	1268.9680766507634
5	10	0	76	0	0	1276.166304543245
5	10	1	24	0	0	1276.166304543245
7	12	0	85	0	0	1300.3934127438724
7	12	1	15	0	0	1300.3934127438724
1	7	0	79	0	0	1300.6080526250264
1	7	1	21	0	0	1300.6080526250264
4	8	0	76	0	0	1307.3320075955046
4	8	1	24	0	0	1307.3320075955046
6	1	0	73	0	0	1314.6122745096682
6	1	1	27	0	0	1314.6122745096682
12	3	0	76	0	0	1455.1876637989815
12	3	1	24	0	0	1455.1876637989815
5	1	0	80	0	0	1461.8175538464186
5	1	1	20	0	0	1461.8175538464186
3	12	0	84	0	0	1472.7503134121587
3	12	1	16	0	0	1472.7503134121587
6	13	0	80	0	0	1474.5013996451457
6	13	1	20	0	0	1474.5013996451457
1	3	0	85	0	0	1475.749444415038
1	3	1	15	0	0	1475.749444415038
2	13	0	73	0	0	1477.5057691863499
2	13	1	27	0	0	1477.5057691863499
13	7	0	80	0	0	1487.437716089437
13	7	1	20	0	0	1487.437716089437
3	6	0	76	0	0	1487.7319653397171
3	6	1	24	0	0	1487.7319653397171
8	4	0	77	0	0	1492.2669309419841
8	4	1	23	0	0	1492.2669309419841
1	4	0	78	0	0	1505.7815867662805
1	4	1	22	0	0	1505.7815867662805
3	8	0	81	0	0	1512.0255960541394
3	8	1	19	0	0	1512.0255960541394
12	7	0	70	0	0	1513.5314207271485
12	7	1	30	0	0	1513.5314207271485
11	7	0	84	0	0	1523.4733189385986
11	7	1	16	0	0	1523.4733189385986
14	8	0	75	0	0	1526.101154082271
14	8	1	25	0	0	1526.101154082271
6	11	0	81	0	0	1527.2797388084741
6	11	1	19	1	1	1527.2797388084741
9	7	0	81	0	0	1530.2795471186769
9	7	1	19	0	0	1530.2795471186769
12	14	0	81	0	0	1532.942546101434
12	14	1	19	0	0	1532.942546101434
10	12	0	81	0	0	1539.0181864529948
10	12	1	19	0	0	1539.0181864529948
11	8	0	82	0	0	1540.8346959806643
11	8	1	18	4	4	1540.8346959806643
10	7	0	82	0	0	1544.167560710895
10	7	1	18	0	0	1544.167560710895
11	1	0	84	0	0	1548.6348041226547
11	1	1	16	0	0	1548.6348041226547
7	5	0	78	0	0	1551.0683642281629
7	5	1	22	0	0	1551.0683642281629
9	5	0	78	0	0	1551.4431799580593
9	5	1	22	0	0	1551.4431799580593
14	2	0	79	0	0	1552.447550769134
14	2	1	21	0	0	1552.447550769134
6	12	0	76	0	0	1553.2394059685146
6	12	1	24	2	2	1553.2394059685146
13	9	0	80	0	0	1553.9529611109115
13	9	1	20	0	0	1553.9529611109115
14	10	0	85	0	0	1554.0933726466403
14	10	1	15	1	1	1554.0933726466403
11	6	0	82	0	0	1555.0867731792375
11	6	1	18	1	1	1555.0867731792375
14	5	0	82	0	0	1559.109841734518
14	5	1	18	0	0	1559.109841734518
10	11	0	76	0	0	1560.0612497267416
10	11	1	24	0	0	1560.0612497267416
2	3	0	74	0	0	1563.8457819530015
2	3	1	26	0	0	1563.8457819530015
4	14	0	82	0	0	1565.282311013994
4	14	1	18	0	0	1565.282311013994
7	1	0	76	0	0	1567.8926765015124
7	1	1	24	0	0	1567.8926765015124
5	12	0	85	0	0	1568.6991341892813
5	12	1	15	0	0	1568.6991341892813
10	9	0	84	0	0	1571.8974684900172
10	9	1	16	0	0	1571.8974684900172
1	6	0	77	0	0	1575.1976097508248
1	6	1	23	0	0	1575.1976097508248
4	7	0	90	0	0	1576.0075235684767
4	7	1	10	0	0	1576.0075235684767
12	5	0	82	0	0	1576.057257273037
12	5	1	18	0	0	1576.057257273037
9	1	0	80	0	0	1582.931284717716
9	1	1	20	0	0	1582.931284717716
13	3	0	76	0	0	1583.414554860381
13	3	1	24	0	0	1583.414554860381
3	1	0	78	0	0	1583.5364467187553
3	1	1	22	0	0	1583.5364467187553
7	6	0	84	0	0	1585.3670326911824
7	6	1	16	0	0	1585.3670326911824
8	11	0	79	0	0	1585.7711796713984
8	11	1	21	2	2	1585.7711796713984
5	14	0	82	0	0	1588.4804035311556
5	14	1	18	2	2	1588.4804035311556
5	2	0	78	0	0	1589.2269560851612
5	2	1	22	0	0	1589.2269560851612
5	9	0	81	0	0	1590.0225462730202
5	9	1	19	0	0	1590.0225462730202
13	14	0	76	0	0	1591.5408237633133
13	14	1	24	0	0	1591.5408237633133
14	6	0	78	0	0	1593.1656031788323
14	6	1	22	0	0	1593.1656031788323
11	13	0	82	0	0	1593.6265076692282
11	13	1	18	0	0	1593.6265076692282
3	14	0	84	0	0	1593.9299322858158
3	14	1	16	0	0	1593.9299322858158
2	6	0	76	0	0	1594.8686523048113
2	6	1	24	0	0	1594.8686523048113
7	14	0	79	0	0	1596.2120309172365
7	14	1	21	0	0	1596.2120309172365
13	5	0	78	0	0	1598.5690563575145
13	5	1	22	0	0	1598.5690563575145
7	4	0	78	0	0	1599.0935116918404
7	4	1	22	0	0	1599.0935116918404
2	5	0	85	0	0	1600.2324724995492
2	5	1	15	0	0	1600.2324724995492
2	12	0	75	0	0	1600.9028860836124
2	12	1	25	0	0	1600.9028860836124
7	11	0	80	0	0	1601.4274471791828
7	11	1	20	0	0	1601.4274471791828
12	10	0	83	0	0	1601.9924018926981
12	10	1	17	0	0	1601.9924018926981
4	2	0	80	0	0	1603.2867489930939
4	2	1	20	0	0	1603.2867489930939
4	1	0	84	0	0	1604.7640630123458
4	1	1	16	0	0	1604.7640630123458
8	13	0	73	0	0	1606.1989234635464
8	13	1	27	0	0	1606.1989234635464
12	9	0	83	0	0	1610.3605468049668
12	9	1	17	0	0	1610.3605468049668
11	2	0	76	0	0	1610.395743025227
11	2	1	24	2	2	1610.395743025227
11	14	0	72	0	0	1611.0223890579816
11	14	1	28	2	2	1611.0223890579816
13	11	0	75	0	0	1612.8358097321207
13	11	1	25	0	0	1612.8358097321207
6	7	0	75	0	0	1613.0625203561299
6	7	1	25	2	2	1613.0625203561299
4	10	0	74	0	0	1613.4204904099581
4	10	1	26	0	0	1613.4204904099581
5	6	0	83	0	0	1614.842899776783
5	6	1	17	0	0	1614.842899776783
6	9	0	77	0	0	1615.1764720395133
6	9	1	23	0	0	1615.1764720395133
13	10	0	79	0	0	1617.548520548388
13	10	1	21	0	0	1617.548520548388
9	10	0	75	0	0	1619.4719571776109
9	10	1	25	0	0	1619.4719571776109
10	4	0	86	0	0	1621.1986193981072
10	4	1	14	0	0	1621.1986193981072
12	8	0	80	0	0	1621.7737132461282
12	8	1	20	0	0	1621.7737132461282
8	10	0	79	0	0	1622.042935736461
8	10	1	21	0	0	1622.042935736461
1	14	0	87	0	0	1622.3961034289123
1	14	1	13	0	0	1622.3961034289123
6	2	0	74	0	0	1625.3555587670583
6	2	1	26	0	0	1625.3555587670583
7	9	0	74	0	0	1625.4286556459049
7	9	1	26	0	0	1625.4286556459049
14	3	0	75	0	0	1625.4569816817009
14	3	1	25	0	0	1625.4569816817009
5	8	0	77	0	0	1627.3894836618801
5	8	1	23	1	1	1627.3894836618801
8	7	0	80	0	0	1628.0541599620085
8	7	1	20	0	0	1628.0541599620085
8	5	0	76	0	0	1629.8191845238866
8	5	1	24	2	2	1629.8191845238866
13	4	0	82	0	0	1632.439819255087
13	4	1	18	0	0	1632.439819255087
7	3	0	78	0	0	1632.5778059793465
7	3	1	22	0	0	1632.5778059793465
14	9	0	84	0	0	1638.3122288363775
14	9	1	16	3	3	1638.3122288363775
6	8	0	78	0	0	1638.8568046297057
6	8	1	22	0	0	1638.8568046297057
5	3	0	84	0	0	1639.387252893204
5	3	1	16	0	0	1639.387252893204
13	8	0	78	0	0	1639.724501832788
13	8	1	22	0	0	1639.724501832788
2	1	0	81	0	0	1639.9528832281187
2	1	1	19	0	0	1639.9528832281187
2	4	0	82	0	0	1643.6201541013993
2	4	1	18	0	0	1643.6201541013993
10	2	0	81	0	0	1644.6160520714554
10	2	1	19	0	0	1644.6160520714554
3	7	0	79	0	0	1647.1174566114648
3	7	1	21	0	0	1647.1174566114648
9	11	0	77	0	0	1648.4526163852054
9	11	1	23	0	0	1648.4526163852054
2	14	0	82	0	0	1650.8978488188548
2	14	1	18	0	0	1650.8978488188548
14	4	0	82	0	0	1650.9995419945724
14	4	1	18	0	0	1650.9995419945724
14	1	0	76	0	0	1651.7710005705815
14	1	1	24	0	0	1651.7710005705815
6	5	0	79	0	0	1654.6822214022884
6	5	1	21	2	2	1654.6822214022884
13	2	0	75	0	0	1656.3468393186445
13	2	1	25	0	0	1656.3468393186445
3	13	0	83	0	0	1657.3534486931558
3	13	1	17	0	0	1657.3534486931558
2	10	0	82	0	0	1657.6876654500663
2	10	1	18	0	0	1657.6876654500663
8	2	0	77	0	0	1659.513379427002
8	2	1	23	0	0	1659.513379427002
5	7	0	86	0	0	1659.8332043071052
5	7	1	14	0	0	1659.8332043071052
1	12	0	80	0	0	1661.5411059315695
1	12	1	20	0	0	1661.5411059315695
13	1	0	84	0	0	1663.0308526059077
13	1	1	16	0	0	1663.0308526059077
10	8	0	81	0	0	1665.4113685276695
10	8	1	19	2	2	1665.4113685276695
11	4	0	73	0	0	1667.0815950666913
11	4	1	27	0	0	1667.0815950666913
2	9	0	80	0	0	1669.1203019910774
2	9	1	20	0	0	1669.1203019910774
5	11	0	75	0	0	1669.7554550641196
5	11	1	25	0	0	1669.7554550641196
6	14	0	79	0	0	1670.0310020427157
6	14	1	21	0	0	1670.0310020427157
6	10	0	74	0	0	1671.6027037058814
6	10	1	26	2	2	1671.6027037058814
14	7	0	84	0	0	1672.4253786639456
14	7	1	16	0	0	1672.4253786639456
3	5	0	78	0	0	1672.8464996271598
3	5	1	22	0	0	1672.8464996271598
13	6	0	85	0	0	1672.9089082894805
13	6	1	15	0	0	1672.9089082894805
10	5	0	79	0	0	1672.9346749231813
10	5	1	21	0	0	1672.9346749231813
14	12	0	80	0	0	1674.4854462547403
14	12	1	20	0	0	1674.4854462547403
1	9	0	73	0	0	1675.4313863272396
1	9	1	27	0	0	1675.4313863272396
1	11	0	83	0	0	1678.1991576054982
1	11	1	17	0	0	1678.1991576054982
1	2	0	80	0	0	1683.0558500135342
1	2	1	20	0	0	1683.0558500135342
14	13	0	75	0	0	1683.6738458818695
14	13	1	25	0	0	1683.6738458818695
1	13	0	82	0	0	1684.4083028230928
1	13	1	18	0	0	1684.4083028230928
9	8	0	79	0	0	1685.049732092413
9	8	1	21	1	1	1685.049732092413
2	8	0	89	0	0	1686.052072698836
2	8	1	11	0	0	1686.052072698836
9	14	0	87	0	0	1686.9890231553911
9	14	1	13	1	1	1686.9890231553911
7	13	0	86	0	0	1687.1385916251575
7	13	1	14	0	0	1687.1385916251575
2	7	0	72	0	0	1688.3180580385176
2	7	1	28	0	0	1688.3180580385176
4	6	0	78	0	0	1688.4865441108286
4	6	1	22	0	0	1688.4865441108286
11	3	0	82	0	0	1689.0415286039806
11	3	1	18	0	0	1689.0415286039806
9	12	0	80	0	0	1689.096867590367
9	12	1	20	0	0	1689.096867590367
13	12	0	78	0	0	1689.7324487004576
13	12	1	22	0	0	1689.7324487004576
10	14	0	69	0	0	1691.8662533558365
10	14	1	31	9	9	1691.8662533558365
11	9	0	86	0	0	1693.0778868726034
11	9	1	14	0	0	1693.0778868726034
11	5	0	80	0	0	1693.8241412861619
11	5	1	20	0	0	1693.8241412861619
12	11	0	82	0	0	1694.2301973127858
12	11	1	18	0	0	1694.2301973127858
9	2	0	81	0	0	1694.597188967982
9	2	1	19	0	0	1694.597188967982
3	9	0	79	0	0	1695.2502404183065
3	9	1	21	0	0	1695.2502404183065
7	2	0	81	0	0	1698.9829953238088
7	2	1	19	0	0	1698.9829953238088
8	14	0	80	0	0	1700.0095132522488
8	14	1	20	0	0	1700.0095132522488
3	2	0	85	0	0	1700.7699533908717
3	2	1	15	0	0	1700.7699533908717
4	12	0	80	0	0	1703.7496468036509
4	12	1	20	0	0	1703.7496468036509
8	6	0	81	0	0	1705.0773123485458
8	6	1	19	0	0	1705.0773123485458
5	13	0	85	0	0	1706.994844926667
5	13	1	15	0	0	1706.994844926667
5	4	0	77	0	0	1708.9658683748864
5	4	1	23	0	0	1708.9658683748864
10	13	0	81	0	0	1709.8083295207884
10	13	1	19	0	0	1709.8083295207884
1	5	0	83	0	0	1711.1987735834987
1	5	1	17	0	0	1711.1987735834987
8	9	0	78	0	0	1711.6722207841058
8	9	1	22	3	3	1711.6722207841058
12	2	0	82	0	0	1713.1745197549246
12	2	1	18	0	0	1713.1745197549246
4	11	0	87	0	0	1715.6759633223364
4	11	1	13	0	0	1715.6759633223364
8	1	0	84	0	0	1716.0758839326418
8	1	1	16	0	0	1716.0758839326418
3	10	0	75	0	0	1716.3313385667225
3	10	1	25	0	0	1716.3313385667225
10	6	0	78	0	0	1718.5477129501348
10	6	1	22	1	1	1718.5477129501348
14	11	0	77	0	0	1719.0832430250377
14	11	1	23	3	3	1719.0832430250377
9	4	0	83	0	0	1719.2696738849977
9	4	1	17	0	0	1719.2696738849977
6	3	0	79	0	0	1719.4081206438507
6	3	1	21	0	0	1719.4081206438507
7	10	0	74	0	0	1723.303494609651
7	10	1	26	0	0	1723.303494609651
4	5	0	85	0	0	1730.1001529842017
4	5	1	15	0	0	1730.1001529842017
10	3	0	82	0	0	1730.2743440952283
10	3	1	18	0	0	1730.2743440952283
1	8	0	79	0	0	1730.895141460382
1	8	1	21	0	0	1730.895141460382
1	10	0	83	0	0	1731.0942421115506
1	10	1	17	0	0	1731.0942421115506
6	4	0	80	0	0	1731.53016839493
6	4	1	20	1	1	1731.53016839493
7	8	0	80	0	0	1734.1494593155398
7	8	1	20	0	0	1734.1494593155398
3	11	0	88	0	0	1736.0890347727313
3	11	1	12	0	0	1736.0890347727313
12	4	0	81	0	0	1737.3157011499604
12	4	1	19	0	0	1737.3157011499604
9	6	0	84	0	0	1738.5433473068108
9	6	1	16	1	1	1738.5433473068108
4	3	0	77	0	0	1741.2069652595037
4	3	1	23	0	0	1741.2069652595037
4	13	0	82	0	0	1742.3007530954387
4	13	1	18	0	0	1742.3007530954387
12	6	0	77	0	0	1746.0240854386875
12	6	1	23	0	0	1746.0240854386875
3	4	0	78	0	0	1746.17442177642
3	4	1	22	0	0	1746.17442177642
9	13	0	77	0	0	1749.138759187339
9	13	1	23	0	0	1749.138759187339
2	11	0	82	0	0	1751.3700990834366
2	11	1	18	3	3	1751.3700990834366
9	3	0	77	0	0	1753.7963957938082
9	3	1	23	0	0	1753.7963957938082
8	3	0	77	0	0	1757.8965700613087
8	3	1	23	0	0	1757.8965700613087
4	9	0	79	0	0	1775.1667970547064
4	9	1	21	0	0	1775.1667970547064
8	12	0	80	0	0	1791.56113604483
8	12	1	20	0	0	1791.56113604483
11	10	0	87	0	0	1815.0462316027267
11	10	1	13	0	0	1815.0462316027267
11	12	0	86	0	0	1829.4666295136346
11	12	1	14	0	0	1829.4666295136346
7	12	0	79	0	0	1831.678443579991
7	12	1	21	0	0	1831.678443579991
12	1	0	87	0	0	1845.6742747790345
12	1	1	13	0	0	1845.6742747790345
10	1	0	82	0	0	1848.5771636259542
10	1	1	18	0	0	1848.5771636259542
1	7	0	74	0	0	1849.5769745876923
1	7	1	26	1	1	1849.5769745876923
12	13	0	85	0	0	1863.4940612590121
12	13	1	15	0	0	1863.4940612590121
5	1	0	76	0	0	1905.0817569140195
5	1	1	24	1	1	1905.0817569140195
5	10	0	84	0	0	1911.8558460740078
5	10	1	16	0	0	1911.8558460740078
6	1	0	78	0	0	1935.09233986942
6	1	1	22	0	0	1935.09233986942
6	13	0	81	0	0	1942.8849908981665
6	13	1	19	1	1	1942.8849908981665
4	8	0	84	0	0	1953.2304798219902
4	8	1	16	0	0	1953.2304798219902
1	4	0	74	0	0	1977.9228701034167
1	4	1	26	0	0	1977.9228701034167
12	3	0	78	0	0	1994.9995217125638
12	3	1	22	0	0	1994.9995217125638
9	1	0	84	0	0	2000.8499933920402
9	1	1	16	0	0	2000.8499933920402
1	3	0	79	0	0	2001.3460082039944
1	3	1	21	0	0	2001.3460082039944
14	2	0	79	0	0	2005.7809342212045
14	2	1	21	0	0	2005.7809342212045
3	6	0	83	0	0	2011.7503486899839
3	6	1	17	0	0	2011.7503486899839
13	14	0	76	0	0	2018.991266946819
13	14	1	24	0	0	2018.991266946819
7	1	0	71	0	0	2030.5606368771314
7	1	1	29	0	0	2030.5606368771314
11	6	0	80	0	0	2033.1770032627444
11	6	1	20	0	0	2033.1770032627444
6	11	0	80	0	0	2034.5647277418147
6	11	1	20	1	1	2034.5647277418147
7	5	0	76	0	0	2041.3107589867725
7	5	1	24	1	1	2041.3107589867725
8	4	0	78	0	0	2041.6516068351239
8	4	1	22	0	0	2041.6516068351239
2	13	0	74	0	0	2041.8860232657523
2	13	1	26	0	0	2041.8860232657523
12	7	0	74	0	0	2051.5556532150626
12	7	1	26	0	0	2051.5556532150626
10	4	0	88	0	0	2052.089756080814
10	4	1	12	0	0	2052.089756080814
3	12	0	80	0	0	2060.0263047490225
3	12	1	20	0	0	2060.0263047490225
11	1	0	80	0	0	2060.439607160093
11	1	1	20	0	0	2060.439607160093
13	10	0	77	0	0	2065.196551252825
13	10	1	23	0	0	2065.196551252825
10	12	0	81	0	0	2065.7675229293836
10	12	1	19	0	0	2065.7675229293836
8	7	0	85	0	0	2066.6182658533558
8	7	1	15	0	0	2066.6182658533558
10	7	0	78	0	0	2069.766321939763
10	7	1	22	0	0	2069.766321939763
6	7	0	82	0	0	2070.140867595223
6	7	1	18	1	1	2070.140867595223
2	3	0	78	0	0	2071.214011464862
2	3	1	22	0	0	2071.214011464862
2	9	0	79	0	0	2077.727506902501
2	9	1	21	0	0	2077.727506902501
14	8	0	78	0	0	2077.9026548402917
14	8	1	22	0	0	2077.9026548402917
5	8	0	78	0	0	2079.5820742319365
5	8	1	22	0	0	2079.5820742319365
11	8	0	83	0	0	2081.631809711458
11	8	1	17	1	1	2081.631809711458
5	2	0	79	0	0	2086.0732874714254
5	2	1	21	0	0	2086.0732874714254
4	7	0	80	0	0	2086.457602234235
4	7	1	20	0	0	2086.457602234235
4	2	0	82	0	0	2086.950522249645
4	2	1	18	0	0	2086.950522249645
7	6	0	81	0	0	2088.132223189875
7	6	1	19	0	0	2088.132223189875
3	1	0	78	0	0	2090.6591952224358
3	1	1	22	0	0	2090.6591952224358
3	8	0	72	0	0	2093.526854740575
3	8	1	28	0	0	2093.526854740575
2	6	0	79	0	0	2096.4328678382335
2	6	1	21	0	0	2096.4328678382335
9	7	0	77	0	0	2097.491540880366
9	7	1	23	0	0	2097.491540880366
1	6	0	79	0	0	2099.763067776173
1	6	1	21	0	0	2099.763067776173
9	2	0	75	0	0	2107.4101812463477
9	2	1	25	0	0	2107.4101812463477
7	11	0	84	0	0	2108.6456074870225
7	11	1	16	0	0	2108.6456074870225
5	12	0	83	0	0	2115.4002639093865
5	12	1	17	0	0	2115.4002639093865
12	5	0	80	0	0	2118.0320018308
12	5	1	20	0	0	2118.0320018308
13	5	0	77	0	0	2118.4976950041614
13	5	1	23	0	0	2118.4976950041614
11	7	0	82	0	0	2120.0095511059003
11	7	1	18	0	0	2120.0095511059003
11	2	0	71	0	0	2122.8369292260427
11	2	1	29	0	0	2122.8369292260427
2	5	0	75	0	0	2122.9298957582437
2	5	1	25	0	0	2122.9298957582437
4	1	0	82	0	0	2123.028047130849
4	1	1	18	0	0	2123.028047130849
13	7	0	82	0	0	2125.179570942989
13	7	1	18	0	0	2125.179570942989
14	10	0	83	0	0	2127.001345446488
14	10	1	17	1	1	2127.001345446488
13	9	0	76	0	0	2131.9392524700647
13	9	1	24	0	0	2131.9392524700647
6	12	0	88	0	0	2132.4510584143677
6	12	1	12	2	2	2132.4510584143677
1	14	0	77	0	0	2133.650706730786
1	14	1	23	0	0	2133.650706730786
6	2	0	79	0	0	2137.694930331694
6	2	1	21	0	0	2137.694930331694
12	14	0	85	0	0	2138.6453582504664
12	14	1	15	0	0	2138.6453582504664
9	5	0	79	0	0	2139.1326239471996
9	5	1	21	0	0	2139.1326239471996
4	14	0	78	0	0	2139.384540942946
4	14	1	22	0	0	2139.384540942946
1	11	0	76	0	0	2139.5507811753896
1	11	1	24	1	1	2139.5507811753896
14	3	0	82	0	0	2143.138862576392
14	3	1	18	0	0	2143.138862576392
2	4	0	77	0	0	2146.1542783778914
2	4	1	23	0	0	2146.1542783778914
2	10	0	76	0	0	2146.2137273443054
2	10	1	24	0	0	2146.2137273443054
7	4	0	81	0	0	2146.4999356373446
7	4	1	19	0	0	2146.4999356373446
3	13	0	69	0	0	2147.6690713001844
3	13	1	31	0	0	2147.6690713001844
6	9	0	81	0	0	2148.5126222123886
6	9	1	19	1	1	2148.5126222123886
14	12	0	86	0	0	2154.3415587616482
14	12	1	14	0	0	2154.3415587616482
8	11	0	79	0	0	2157.754365589426
8	11	1	21	0	0	2157.754365589426
14	6	0	80	0	0	2158.388777676083
14	6	1	20	0	0	2158.388777676083
10	5	0	77	0	0	2163.225332351004
10	5	1	23	0	0	2163.225332351004
13	2	0	82	0	0	2165.641941646041
13	2	1	18	0	0	2165.641941646041
12	10	0	81	0	0	2166.8297863982084
12	10	1	19	0	0	2166.8297863982084
4	10	0	82	0	0	2167.8504684323807
4	10	1	18	0	0	2167.8504684323807
8	13	0	81	0	0	2168.8363906242625
8	13	1	19	0	0	2168.8363906242625
14	5	0	79	0	0	2169.17649679103
14	5	1	21	1	1	2169.17649679103
2	8	0	86	0	0	2171.1356450331364
2	8	1	14	0	0	2171.1356450331364
10	11	0	75	0	0	2171.7077584049407
10	11	1	25	0	0	2171.7077584049407
5	9	0	83	0	0	2172.658470893705
5	9	1	17	0	0	2172.658470893705
7	14	0	82	0	0	2173.1492209472635
7	14	1	18	1	1	2173.1492209472635
7	3	0	89	0	0	2173.2848826763175
7	3	1	11	0	0	2173.2848826763175
5	7	0	73	0	0	2173.2930514472846
5	7	1	27	0	0	2173.2930514472846
13	11	0	69	0	0	2173.365407844055
13	11	1	31	0	0	2173.365407844055
9	8	0	77	0	0	2173.9410770555633
9	8	1	23	1	1	2173.9410770555633
6	5	0	79	0	0	2174.3652964712614
6	5	1	21	1	1	2174.3652964712614
12	9	0	77	0	0	2175.7771871130612
12	9	1	23	0	0	2175.7771871130612
12	8	0	83	0	0	2179.404599741286
12	8	1	17	0	0	2179.404599741286
2	12	0	74	0	0	2182.3146719187957
2	12	1	26	0	0	2182.3146719187957
9	11	0	74	0	0	2185.164366786364
9	11	1	26	0	0	2185.164366786364
5	14	0	77	0	0	2186.3973770151697
5	14	1	23	1	1	2186.3973770151697
4	5	0	74	0	0	2186.6160033758897
4	5	1	26	0	0	2186.6160033758897
10	9	0	80	0	0	2186.8161135491737
10	9	1	20	0	0	2186.8161135491737
11	3	0	80	0	0	2187.1318957256667
11	3	1	20	0	0	2187.1318957256667
6	8	0	84	0	0	2188.7394876951457
6	8	1	16	0	0	2188.7394876951457
1	5	0	84	0	0	2190.55457996103
1	5	1	16	0	0	2190.55457996103
3	9	0	81	0	0	2192.4155215988717
3	9	1	19	0	0	2192.4155215988717
4	6	0	82	0	0	2192.8654775678083
4	6	1	18	0	0	2192.8654775678083
10	8	0	76	0	0	2193.899425616502
10	8	1	24	0	0	2193.899425616502
3	14	0	70	0	0	2194.7589934052103
3	14	1	30	1	1	2194.7589934052103
5	6	0	77	0	0	2197.4128778644354
5	6	1	23	1	1	2197.4128778644354
9	4	0	77	0	0	2198.8146247896075
9	4	1	23	0	0	2198.8146247896075
1	12	0	83	0	0	2199.205972278607
1	12	1	17	0	0	2199.205972278607
14	1	0	76	0	0	2199.4557611261976
14	1	1	24	0	0	2199.4557611261976
13	4	0	84	0	0	2202.77089155631
13	4	1	16	0	0	2202.77089155631
2	14	0	78	0	0	2203.1626019084556
2	14	1	22	0	0	2203.1626019084556
14	4	0	79	0	0	2203.592667958776
14	4	1	21	0	0	2203.592667958776
3	5	0	83	0	0	2204.234358025797
3	5	1	17	0	0	2204.234358025797
9	10	0	75	0	0	2204.599101931851
9	10	1	25	0	0	2204.599101931851
13	6	0	79	0	0	2204.642806999277
13	6	1	21	0	0	2204.642806999277
8	10	0	79	0	0	2204.754531580009
8	10	1	21	1	1	2204.754531580009
1	10	0	89	0	0	2206.0486489463706
1	10	1	11	0	0	2206.0486489463706
13	8	0	80	0	0	2207.602231589905
13	8	1	20	0	0	2207.602231589905
8	2	0	82	0	0	2212.3008894159807
8	2	1	18	1	1	2212.3008894159807
5	4	0	81	0	0	2213.9266531981907
5	4	1	19	0	0	2213.9266531981907
11	9	0	79	0	0	2213.957152637524
11	9	1	21	0	0	2213.957152637524
14	11	0	81	0	0	2217.082701297866
14	11	1	19	1	1	2217.082701297866
1	13	0	78	0	0	2217.954711959214
1	13	1	22	0	0	2217.954711959214
3	7	0	80	0	0	2220.555447492254
3	7	1	20	0	0	2220.555447492254
13	3	0	84	0	0	2221.0478275978653
13	3	1	16	0	0	2221.0478275978653
2	7	0	76	0	0	2224.2201381696445
2	7	1	24	0	0	2224.2201381696445
3	4	0	77	0	0	2224.512019190706
3	4	1	23	0	0	2224.512019190706
11	5	0	79	0	0	2224.8085976935067
11	5	1	21	0	0	2224.8085976935067
6	10	0	82	0	0	2228.7886571348245
6	10	1	18	0	0	2228.7886571348245
11	14	0	83	0	0	2229.454491138759
11	14	1	17	1	1	2229.454491138759
5	11	0	72	0	0	2232.790292108826
5	11	1	28	0	0	2232.790292108826
8	6	0	79	0	0	2232.857338643112
8	6	1	21	0	0	2232.857338643112
14	13	0	78	0	0	2237.6896142480555
14	13	1	22	0	0	2237.6896142480555
5	3	0	82	0	0	2240.725862601769
5	3	1	18	0	0	2240.725862601769
11	4	0	83	0	0	2244.115003193516
11	4	1	17	0	0	2244.115003193516
10	3	0	76	0	0	2246.7246445967626
10	3	1	24	0	0	2246.7246445967626
1	9	0	83	0	0	2246.742244716002
1	9	1	17	0	0	2246.742244716002
12	6	0	84	0	0	2250.471089206273
12	6	1	16	0	0	2250.471089206273
9	14	0	77	0	0	2250.8794393549188
9	14	1	23	0	0	2250.8794393549188
2	1	0	76	0	0	2252.1125187036855
2	1	1	24	0	0	2252.1125187036855
7	10	0	83	0	0	2257.058567600786
7	10	1	17	0	0	2257.058567600786
7	9	0	83	0	0	2257.7314269073067
7	9	1	17	0	0	2257.7314269073067
11	13	0	74	0	0	2258.637546576033
11	13	1	26	0	0	2258.637546576033
1	2	0	82	0	0	2260.0942329755158
1	2	1	18	0	0	2260.0942329755158
4	11	0	76	0	0	2260.7614287562524
4	11	1	24	0	0	2260.7614287562524
9	12	0	76	0	0	2261.559895998944
9	12	1	24	0	0	2261.559895998944
6	14	0	80	0	0	2262.337382174991
6	14	1	20	0	0	2262.337382174991
10	14	0	85	0	0	2264.7220552071626
10	14	1	15	0	0	2264.7220552071626
14	7	0	79	0	0	2268.29099742509
14	7	1	21	0	0	2268.29099742509
7	2	0	80	0	0	2272.077063421549
7	2	1	20	0	0	2272.077063421549
1	8	0	81	0	0	2272.4990478112322
1	8	1	19	0	0	2272.4990478112322
10	13	0	78	0	0	2274.1455244860826
10	13	1	22	0	0	2274.1455244860826
4	12	0	78	0	0	2275.6132378653047
4	12	1	22	0	0	2275.6132378653047
12	11	0	84	0	0	2276.417610279162
12	11	1	16	0	0	2276.417610279162
12	4	0	82	0	0	2276.4783460690032
12	4	1	18	0	0	2276.4783460690032
10	6	0	80	0	0	2278.98523446427
10	6	1	20	2	2	2278.98523446427
8	12	0	82	0	0	2279.0682845475094
8	12	1	18	0	0	2279.0682845475094
3	2	0	81	0	0	2281.1434411034365
3	2	1	19	0	0	2281.1434411034365
8	9	0	79	0	0	2282.413794194196
8	9	1	21	2	2	2282.413794194196
13	1	0	81	0	0	2283.8112065547252
13	1	1	19	0	0	2283.8112065547252
9	13	0	80	0	0	2284.8360529860824
9	13	1	20	1	1	2284.8360529860824
6	4	0	89	0	0	2285.4532534378086
6	4	1	11	1	1	2285.4532534378086
9	6	0	79	0	0	2286.794679610915
9	6	1	21	0	0	2286.794679610915
8	5	0	82	0	0	2286.8555577642733
8	5	1	18	4	4	2286.8555577642733
10	2	0	77	0	0	2287.0367067226935
10	2	1	23	0	0	2287.0367067226935
2	11	0	88	0	0	2293.8254885888255
2	11	1	12	1	1	2293.8254885888255
14	9	0	72	0	0	2296.761688229958
14	9	1	28	2	2	2296.761688229958
5	13	0	81	0	0	2304.890101062604
5	13	1	19	0	0	2304.890101062604
12	1	0	84	0	0	2306.497879701902
12	1	1	16	0	0	2306.497879701902
8	3	0	75	0	0	2309.2107811361634
8	3	1	25	0	0	2309.2107811361634
7	8	0	79	0	0	2309.46162711266
7	8	1	21	0	0	2309.46162711266
9	3	0	84	0	0	2313.238392625886
9	3	1	16	0	0	2313.238392625886
7	13	0	78	0	0	2318.966001931544
7	13	1	22	0	0	2318.966001931544
8	1	0	80	0	0	2324.724790588914
8	1	1	20	0	0	2324.724790588914
3	10	0	79	0	0	2326.410424231565
3	10	1	21	1	1	2326.410424231565
13	12	0	80	0	0	2329.9111837747273
13	12	1	20	0	0	2329.9111837747273
4	9	0	81	0	0	2340.2739292334563
4	9	1	19	0	0	2340.2739292334563
8	14	0	75	0	0	2341.257528280331
8	14	1	25	0	0	2341.257528280331
6	3	0	82	0	0	2341.9400778424206
6	3	1	18	0	0	2341.9400778424206
11	10	0	82	0	0	2348.52656870574
11	10	1	18	0	0	2348.52656870574
12	2	0	85	0	0	2360.370530993192
12	2	1	15	0	0	2360.370530993192
4	3	0	86	0	0	2378.37649160603
4	3	1	14	0	0	2378.37649160603
11	12	0	76	0	0	2383.924801669384
11	12	1	24	0	0	2383.924801669384
3	11	0	79	0	0	2385.204778429647
3	11	1	21	0	0	2385.204778429647
7	12	0	84	0	0	2394.6039738512372
7	12	1	16	0	0	2394.6039738512372
10	1	0	80	0	0	2395.0469322164868
10	1	1	20	0	0	2395.0469322164868
12	13	0	81	0	0	2403.4524383618837
12	13	1	19	0	0	2403.4524383618837
5	10	0	76	0	0	2421.2950743326905
5	10	1	24	0	0	2421.2950743326905
4	8	0	78	0	0	2427.0995265517204
4	8	1	22	0	0	2427.0995265517204
4	13	0	80	0	0	2429.4239636553016
4	13	1	20	1	1	2429.4239636553016
9	1	0	78	0	0	2433.731095076944
9	1	1	22	1	1	2433.731095076944
1	7	0	80	0	0	2434.7479559917574
1	7	1	20	0	0	2434.7479559917574
14	2	0	83	0	0	2455.2087674749937
14	2	1	17	0	0	2455.2087674749937
6	13	0	84	0	0	2461.3546895311306
6	13	1	16	0	0	2461.3546895311306
6	1	0	84	0	0	2487.6785067714804
6	1	1	16	0	0	2487.6785067714804
1	3	0	80	0	0	2497.0900327555487
1	3	1	20	0	0	2497.0900327555487
6	11	0	77	0	0	2507.1723254707736
6	11	1	23	0	0	2507.1723254707736
5	1	0	76	0	0	2525.7126138371373
5	1	1	24	0	0	2525.7126138371373
12	3	0	84	0	0	2529.9119165453526
12	3	1	16	0	0	2529.9119165453526
1	4	0	83	0	0	2531.4027010932837
1	4	1	17	0	0	2531.4027010932837
13	14	0	80	0	0	2535.1959101862817
13	14	1	20	0	0	2535.1959101862817
3	12	0	80	0	0	2549.5358178094984
3	12	1	20	0	0	2549.5358178094984
2	13	0	79	0	0	2561.7325270154483
2	13	1	21	0	0	2561.7325270154483
3	6	0	83	0	0	2565.1237129498745
3	6	1	17	0	0	2565.1237129498745
2	3	0	72	0	0	2567.833850327648
2	3	1	28	0	0	2567.833850327648
11	6	0	77	0	0	2579.853766370226
11	6	1	23	1	1	2579.853766370226
13	7	0	85	0	0	2582.6196581774357
13	7	1	15	0	0	2582.6196581774357
11	8	0	80	0	0	2587.5791163840927
11	8	1	20	0	0	2587.5791163840927
12	14	0	79	0	0	2590.9622434786957
12	14	1	21	0	0	2590.9622434786957
10	12	0	82	0	0	2592.852137400938
10	12	1	18	0	0	2592.852137400938
10	4	0	77	0	0	2595.2224017411086
10	4	1	23	0	0	2595.2224017411086
10	7	0	91	0	0	2596.744292747714
10	7	1	9	0	0	2596.744292747714
13	9	0	82	0	0	2601.9396811801644
13	9	1	18	0	0	2601.9396811801644
2	6	0	83	0	0	2606.6299174100886
2	6	1	17	0	0	2606.6299174100886
5	12	0	78	0	0	2615.528639863312
5	12	1	22	0	0	2615.528639863312
12	7	0	81	0	0	2617.645529027406
12	7	1	19	0	0	2617.645529027406
5	8	0	81	0	0	2620.565405316838
5	8	1	19	2	2	2620.565405316838
1	14	0	84	0	0	2620.8902909625754
1	14	1	16	0	0	2620.8902909625754
4	2	0	80	0	0	2622.7560086562853
4	2	1	20	0	0	2622.7560086562853
3	1	0	80	0	0	2623.2165952625664
3	1	1	20	0	0	2623.2165952625664
6	7	0	80	0	0	2623.6408804565654
6	7	1	20	3	3	2623.6408804565654
2	9	0	74	0	0	2631.654604823624
2	9	1	26	0	0	2631.654604823624
14	6	0	71	0	0	2633.1746700930703
14	6	1	29	0	0	2633.1746700930703
7	14	0	84	0	0	2637.4890898037825
7	14	1	16	1	1	2637.4890898037825
7	5	0	69	0	0	2638.168227640041
7	5	1	31	0	0	2638.168227640041
11	7	0	79	0	0	2638.493585404361
11	7	1	21	0	0	2638.493585404361
8	11	0	82	0	0	2641.382992330757
8	11	1	18	1	1	2641.382992330757
7	4	0	77	0	0	2641.499259854091
7	4	1	23	0	0	2641.499259854091
7	1	0	78	0	0	2643.548883782189
7	1	1	22	0	0	2643.548883782189
6	5	0	83	0	0	2644.696423924962
6	5	1	17	0	0	2644.696423924962
11	1	0	83	0	0	2653.4789270189367
11	1	1	17	0	0	2653.4789270189367
8	7	0	82	0	0	2653.578589207613
8	7	1	18	0	0	2653.578589207613
4	7	0	79	0	0	2655.3816037724055
4	7	1	21	0	0	2655.3816037724055
14	12	0	81	0	0	2655.6080874627933
14	12	1	19	0	0	2655.6080874627933
14	3	0	86	0	0	2655.631534697337
14	3	1	14	0	0	2655.631534697337
2	4	0	79	0	0	2656.1475876359577
2	4	1	21	0	0	2656.1475876359577
8	4	0	77	0	0	2656.4166716225445
8	4	1	23	0	0	2656.4166716225445
5	9	0	78	0	0	2657.5027673749228
5	9	1	22	0	0	2657.5027673749228
11	2	0	76	0	0	2659.7750719248015
11	2	1	24	1	1	2659.7750719248015
13	5	0	80	0	0	2664.334506397173
13	5	1	20	0	0	2664.334506397173
12	9	0	84	0	0	2664.4324522728825
12	9	1	16	0	0	2664.4324522728825
13	10	0	76	0	0	2665.9019932920287
13	10	1	24	0	0	2665.9019932920287
3	13	0	76	0	0	2666.527291772284
3	13	1	24	0	0	2666.527291772284
8	13	0	80	0	0	2669.2589042073055
8	13	1	20	0	0	2669.2589042073055
13	2	0	83	0	0	2669.4812281463114
13	2	1	17	0	0	2669.4812281463114
10	11	0	80	0	0	2671.1481312886262
10	11	1	20	0	0	2671.1481312886262
6	12	0	86	0	0	2673.372021157703
6	12	1	14	1	1	2673.372021157703
5	2	0	75	0	0	2674.3075030721566
5	2	1	25	0	0	2674.3075030721566
6	2	0	81	0	0	2675.358392771886
6	2	1	19	0	0	2675.358392771886
1	6	0	78	0	0	2676.0246931528172
1	6	1	22	0	0	2676.0246931528172
2	12	0	76	0	0	2676.595369565946
2	12	1	24	0	0	2676.595369565946
12	10	0	83	0	0	2678.513946734332
12	10	1	17	0	0	2678.513946734332
11	9	0	89	0	0	2678.9479328048087
11	9	1	11	0	0	2678.9479328048087
3	4	0	79	0	0	2679.5759240001776
3	4	1	21	0	0	2679.5759240001776
9	7	0	84	0	0	2680.920769046187
9	7	1	16	0	0	2680.920769046187
5	7	0	74	0	0	2681.3381886618595
5	7	1	26	0	0	2681.3381886618595
3	8	0	81	0	0	2683.020270115924
3	8	1	19	0	0	2683.020270115924
7	6	0	75	0	0	2690.5252387182945
7	6	1	25	1	1	2690.5252387182945
14	8	0	79	0	0	2694.9999674370047
14	8	1	21	0	0	2694.9999674370047
4	10	0	75	0	0	2696.831356860078
4	10	1	25	0	0	2696.831356860078
13	4	0	84	0	0	2697.142757179093
13	4	1	16	0	0	2697.142757179093
1	10	0	80	0	0	2702.1991324329592
1	10	1	20	0	0	2702.1991324329592
1	11	0	74	0	0	2704.853547068568
1	11	1	26	0	0	2704.853547068568
9	8	0	76	0	0	2705.21764487111
9	8	1	24	0	0	2705.21764487111
9	11	0	81	0	0	2705.57340277222
9	11	1	19	0	0	2705.57340277222
7	11	0	73	0	0	2709.1731842546915
7	11	1	27	0	0	2709.1731842546915
1	12	0	74	0	0	2709.397878158304
1	12	1	26	0	0	2709.397878158304
4	1	0	87	0	0	2714.629113491942
4	1	1	13	0	0	2714.629113491942
14	1	0	71	0	0	2716.4850249032224
14	1	1	29	0	0	2716.4850249032224
1	5	0	85	0	0	2716.6492169513767
1	5	1	15	0	0	2716.6492169513767
10	8	0	87	0	0	2718.1204137591853
10	8	1	13	0	0	2718.1204137591853
9	14	0	76	0	0	2718.1435722858737
9	14	1	24	3	3	2718.1435722858737
13	11	0	87	0	0	2719.5051344210833
13	11	1	13	0	0	2719.5051344210833
4	14	0	77	0	0	2722.5482392029203
4	14	1	23	0	0	2722.5482392029203
5	14	0	81	0	0	2723.0657054883827
5	14	1	19	1	1	2723.0657054883827
3	7	0	76	0	0	2723.5128232831394
3	7	1	24	0	0	2723.5128232831394
3	14	0	69	0	0	2727.6052099354515
3	14	1	31	0	0	2727.6052099354515
12	8	0	76	0	0	2728.5924609221042
12	8	1	24	0	0	2728.5924609221042
3	5	0	80	0	0	2728.8150861648423
3	5	1	20	0	0	2728.8150861648423
1	9	0	81	0	0	2730.050303207085
1	9	1	19	0	0	2730.050303207085
2	8	0	77	0	0	2730.246321684194
2	8	1	23	0	0	2730.246321684194
9	5	0	78	0	0	2731.2063475031214
9	5	1	22	0	0	2731.2063475031214
9	2	0	80	0	0	2732.355029766883
9	2	1	20	0	0	2732.355029766883
14	10	0	86	0	0	2734.347257116847
14	10	1	14	0	0	2734.347257116847
11	5	0	85	0	0	2737.3741694080936
11	5	1	15	0	0	2737.3741694080936
6	9	0	80	0	0	2739.0338679400525
6	9	1	20	0	0	2739.0338679400525
10	14	0	83	0	0	2739.2695959215157
10	14	1	17	0	0	2739.2695959215157
6	10	0	81	0	0	2739.4536080799157
6	10	1	19	0	0	2739.4536080799157
7	3	0	86	0	0	2739.7830401296624
7	3	1	14	0	0	2739.7830401296624
5	3	0	82	0	0	2743.2920425537773
5	3	1	18	0	0	2743.2920425537773
10	5	0	78	0	0	2746.3695417993504
10	5	1	22	0	0	2746.3695417993504
9	4	0	84	0	0	2751.647014470666
9	4	1	16	0	0	2751.647014470666
13	8	0	86	0	0	2751.7442797409553
13	8	1	14	0	0	2751.7442797409553
14	4	0	77	0	0	2752.5127768085345
14	4	1	23	0	0	2752.5127768085345
4	6	0	76	0	0	2753.369137674979
4	6	1	24	2	2	2753.369137674979
11	4	0	71	0	0	2756.8299903262023
11	4	1	29	1	1	2756.8299903262023
10	3	0	81	0	0	2757.193947162871
10	3	1	19	0	0	2757.193947162871
2	7	0	82	0	0	2759.3816456426584
2	7	1	18	0	0	2759.3816456426584
13	6	0	87	0	0	2760.0557740558443
13	6	1	13	0	0	2760.0557740558443
10	2	0	77	0	0	2760.8810226689347
10	2	1	23	0	0	2760.8810226689347
14	11	0	78	0	0	2765.688545237554
14	11	1	22	1	1	2765.688545237554
2	10	0	84	0	0	2766.492572561673
2	10	1	16	0	0	2766.492572561673
1	2	0	83	0	0	2767.9977955827158
1	2	1	17	0	0	2767.9977955827158
2	5	0	77	0	0	2769.8626358840247
2	5	1	23	0	0	2769.8626358840247
7	9	0	79	0	0	2772.094888698891
7	9	1	21	0	0	2772.094888698891
3	10	0	73	0	0	2773.720433972061
3	10	1	27	0	0	2773.720433972061
10	13	0	71	0	0	2775.4290739647586
10	13	1	29	0	0	2775.4290739647586
8	2	0	83	0	0	2775.5331318559897
8	2	1	17	0	0	2775.5331318559897
12	4	0	79	0	0	2776.065359613731
12	4	1	21	0	0	2776.065359613731
11	3	0	78	0	0	2778.804968891857
11	3	1	22	0	0	2778.804968891857
5	4	0	83	0	0	2779.1943015617085
5	4	1	17	0	0	2779.1943015617085
1	8	0	82	0	0	2779.746664350078
1	8	1	18	1	1	2779.746664350078
9	12	0	75	0	0	2780.3888602524166
9	12	1	25	0	0	2780.3888602524166
14	5	0	71	0	0	2783.988325717526
14	5	1	29	1	1	2783.988325717526
7	10	0	81	0	0	2784.0600006719737
7	10	1	19	0	0	2784.0600006719737
4	5	0	83	0	0	2785.545124166007
4	5	1	17	0	0	2785.545124166007
3	2	0	76	0	0	2788.6035812399505
3	2	1	24	0	0	2788.6035812399505
8	9	0	81	0	0	2788.740449080505
8	9	1	19	1	1	2788.740449080505
3	9	0	82	0	0	2789.324111186899
3	9	1	18	0	0	2789.324111186899
6	8	0	76	0	0	2791.809949166936
6	8	1	24	0	0	2791.809949166936
8	6	0	76	0	0	2792.8977869407336
8	6	1	24	0	0	2792.8977869407336
14	13	0	87	0	0	2794.424746074124
14	13	1	13	0	0	2794.424746074124
7	2	0	78	0	0	2796.3082788305046
7	2	1	22	1	1	2796.3082788305046
9	13	0	76	0	0	2797.752947599188
9	13	1	24	0	0	2797.752947599188
13	1	0	90	0	0	2797.9010261230824
13	1	1	10	0	0	2797.9010261230824
6	14	0	75	0	0	2800.2954798210067
6	14	1	25	0	0	2800.2954798210067
7	13	0	82	0	0	2800.9791413863572
7	13	1	18	0	0	2800.9791413863572
2	1	0	82	0	0	2802.152937841479
2	1	1	18	0	0	2802.152937841479
10	9	0	72	0	0	2803.193209667234
10	9	1	28	0	0	2803.193209667234
13	3	0	85	0	0	2804.4747951024924
13	3	1	15	0	0	2804.4747951024924
12	1	0	85	0	0	2806.502410992667
12	1	1	15	0	0	2806.502410992667
8	12	0	76	0	0	2807.0495616221338
8	12	1	24	0	0	2807.0495616221338
4	12	0	74	0	0	2808.7609378639013
4	12	1	26	0	0	2808.7609378639013
8	10	0	81	0	0	2811.4810450432046
8	10	1	19	2	2	2811.4810450432046
9	6	0	76	0	0	2816.2256511524247
9	6	1	24	0	0	2816.2256511524247
7	8	0	80	0	0	2817.337805112368
7	8	1	20	0	0	2817.337805112368
12	5	0	79	0	0	2817.3662444611764
12	5	1	21	0	0	2817.3662444611764
1	13	0	80	0	0	2818.6504841896162
1	13	1	20	0	0	2818.6504841896162
11	14	0	88	0	0	2820.4660385823427
11	14	1	12	0	0	2820.4660385823427
12	11	0	85	0	0	2823.0225424978153
12	11	1	15	0	0	2823.0225424978153
4	9	0	79	0	0	2823.580065973015
4	9	1	21	0	0	2823.580065973015
2	14	0	85	0	0	2826.63477857342
2	14	1	15	0	0	2826.63477857342
4	11	0	77	0	0	2829.6756970686747
4	11	1	23	0	0	2829.6756970686747
5	6	0	79	0	0	2830.569085461656
5	6	1	21	0	0	2830.569085461656
2	11	0	76	0	0	2831.1762291204104
2	11	1	24	0	0	2831.1762291204104
8	5	0	85	0	0	2845.9741237571907
8	5	1	15	0	0	2845.9741237571907
11	13	0	78	0	0	2849.6512634794617
11	13	1	22	0	0	2849.6512634794617
8	3	0	72	0	0	2849.818336714726
8	3	1	28	0	0	2849.818336714726
13	12	0	80	0	0	2855.293625737411
13	12	1	20	0	0	2855.293625737411
7	12	0	75	0	0	2863.050580741158
7	12	1	25	0	0	2863.050580741158
9	10	0	74	0	0	2863.141219028003
9	10	1	26	0	0	2863.141219028003
6	4	0	81	0	0	2875.57656102895
6	4	1	19	0	0	2875.57656102895
10	6	0	84	0	0	2876.7697301619005
10	6	1	16	0	0	2876.7697301619005
5	11	0	85	0	0	2879.903388066368
5	11	1	15	0	0	2879.903388066368
14	7	0	70	0	0	2882.5776467579217
14	7	1	30	1	1	2882.5776467579217
12	2	0	81	0	0	2888.246553586526
12	2	1	19	0	0	2888.246553586526
8	1	0	82	0	0	2891.6113404723264
8	1	1	18	0	0	2891.6113404723264
12	6	0	82	0	0	2892.9577785851056
12	6	1	18	0	0	2892.9577785851056
4	3	0	74	0	0	2898.83542370257
4	3	1	26	0	0	2898.83542370257
11	10	0	77	0	0	2904.1336996910272
11	10	1	23	0	0	2904.1336996910272
6	3	0	72	0	0	2905.5949914989537
6	3	1	28	0	0	2905.5949914989537
1	7	0	78	0	0	2915.85597520964
1	7	1	22	0	0	2915.85597520964
10	1	0	82	0	0	2918.587374395511
10	1	1	18	0	0	2918.587374395511
3	11	0	76	0	0	2923.863007340558
3	11	1	24	1	1	2923.863007340558
8	14	0	82	0	0	2946.6311274462605
8	14	1	18	0	0	2946.6311274462605
5	13	0	80	0	0	2947.2075518201195
5	13	1	20	0	0	2947.2075518201195
9	1	0	85	0	0	2947.3259731736366
9	1	1	15	0	0	2947.3259731736366
9	3	0	79	0	0	2948.4926644429484
9	3	1	21	3	3	2948.4926644429484
4	8	0	76	0	0	2948.9483641345214
4	8	1	24	0	0	2948.9483641345214
11	12	0	85	0	0	2952.311706610998
11	12	1	15	0	0	2952.311706610998
4	13	0	83	0	0	2953.6779718294897
4	13	1	17	0	0	2953.6779718294897
14	9	0	86	1	1	2974.8021761801688
14	9	1	14	3	3	2974.8021761801688
12	13	0	81	0	0	2981.658676473721
12	13	1	19	0	0	2981.658676473721
