03-10-2015 16-21-05
Blocking per SRC-DST nodes

S	D	T	Req	Blocked	U	SimTime
12	5	0	72	0	0	279.2514180528238
12	5	1	28	0	0	279.2514180528238
6	2	0	79	0	0	280.06903866488295
6	2	1	21	0	0	280.06903866488295
6	11	0	72	0	0	281.3473773354692
6	11	1	28	9	9	281.3473773354692
14	10	0	76	1	1	296.84795403243413
14	10	1	24	9	9	296.84795403243413
10	9	0	82	0	0	303.6975505088485
10	9	1	18	0	0	303.6975505088485
12	9	0	82	0	0	305.3011447453587
12	9	1	18	0	0	305.3011447453587
14	3	0	80	0	0	310.3219362030532
14	3	1	20	4	4	310.3219362030532
2	6	0	79	0	0	311.49302850210256
2	6	1	21	0	0	311.49302850210256
11	7	0	80	0	0	313.06821316068743
11	7	1	20	1	1	313.06821316068743
2	12	0	72	0	0	313.21977181665085
2	12	1	28	0	0	313.21977181665085
6	12	0	78	1	1	314.4242535283272
6	12	1	22	7	7	314.4242535283272
14	7	0	82	0	0	315.20526730253516
14	7	1	18	0	0	315.20526730253516
3	4	0	83	0	0	316.4116931678921
3	4	1	17	4	4	316.4116931678921
10	4	0	79	0	0	317.4958724107209
10	4	1	21	0	0	317.4958724107209
7	11	0	83	0	0	317.87830496492825
7	11	1	17	0	0	317.87830496492825
12	2	0	85	0	0	318.6135613895325
12	2	1	15	0	0	318.6135613895325
10	3	0	80	0	0	320.0404526672158
10	3	1	20	2	2	320.0404526672158
2	3	0	78	0	0	321.8016793943011
2	3	1	22	1	1	321.8016793943011
12	7	0	86	0	0	322.799689422769
12	7	1	14	5	5	322.799689422769
5	12	0	86	0	0	323.64788947309205
5	12	1	14	0	0	323.64788947309205
4	1	0	80	0	0	324.9189016608461
4	1	1	20	2	2	324.9189016608461
3	6	0	83	0	0	325.20757523451573
3	6	1	17	0	0	325.20757523451573
13	10	0	80	0	0	325.40899042278596
13	10	1	20	2	2	325.40899042278596
5	1	0	78	0	0	325.5064178761747
5	1	1	22	0	0	325.5064178761747
4	10	0	82	0	0	325.68942204460114
4	10	1	18	0	0	325.68942204460114
5	14	0	83	1	1	325.8742290855156
5	14	1	17	2	2	325.8742290855156
13	11	0	77	0	0	326.97281668056405
13	11	1	23	4	4	326.97281668056405
14	6	0	86	0	0	327.4736180947561
14	6	1	14	0	0	327.4736180947561
6	3	0	75	0	0	327.6433365973156
6	3	1	25	0	0	327.6433365973156
14	9	0	80	2	2	327.9728268824324
14	9	1	20	7	7	327.9728268824324
12	14	0	77	0	0	329.7670887624777
12	14	1	23	1	1	329.7670887624777
7	1	0	85	0	0	330.9143349690913
7	1	1	15	0	0	330.9143349690913
1	3	0	86	0	0	331.13578809065547
1	3	1	14	0	0	331.13578809065547
8	10	0	75	1	1	331.23826108577003
8	10	1	25	8	8	331.23826108577003
7	6	0	86	0	0	333.0178218786028
7	6	1	14	5	5	333.0178218786028
13	7	0	82	0	0	334.9982950204186
13	7	1	18	1	1	334.9982950204186
4	7	0	80	0	0	335.6068713428944
4	7	1	20	0	0	335.6068713428944
6	13	0	82	0	0	335.73012605652974
6	13	1	18	0	0	335.73012605652974
7	13	0	83	0	0	335.98870855512314
7	13	1	17	0	0	335.98870855512314
5	11	0	77	0	0	336.69456746380524
5	11	1	23	0	0	336.69456746380524
2	13	0	80	0	0	336.7031045413415
2	13	1	20	0	0	336.7031045413415
13	5	0	79	0	0	337.63443720726906
13	5	1	21	0	0	337.63443720726906
7	3	0	83	0	0	337.7006452407477
7	3	1	17	3	3	337.7006452407477
9	2	0	87	0	0	338.195422772537
9	2	1	13	1	1	338.195422772537
14	8	0	79	0	0	338.3433759278422
14	8	1	21	1	1	338.3433759278422
11	3	0	73	0	0	339.0582386642584
11	3	1	27	5	5	339.0582386642584
10	11	0	75	0	0	339.2162926960457
10	11	1	25	0	0	339.2162926960457
9	3	0	76	0	0	339.25819130268644
9	3	1	24	5	5	339.25819130268644
5	2	0	80	0	0	339.6499951740102
5	2	1	20	0	0	339.6499951740102
14	11	0	79	1	1	340.04247674299046
14	11	1	21	13	13	340.04247674299046
12	11	0	84	0	0	340.19751306564456
12	11	1	16	0	0	340.19751306564456
8	11	0	81	0	0	340.8296533501574
8	11	1	19	6	6	340.8296533501574
1	10	0	79	0	0	341.49938203882766
1	10	1	21	1	1	341.49938203882766
4	5	0	84	0	0	342.0214954522956
4	5	1	16	0	0	342.0214954522956
5	13	0	66	0	0	342.1335997978352
5	13	1	34	1	1	342.1335997978352
1	4	0	85	0	0	342.62798772640986
1	4	1	15	4	4	342.62798772640986
9	10	0	78	0	0	342.65607951175593
9	10	1	22	0	0	342.65607951175593
13	3	0	79	0	0	343.2190402953997
13	3	1	21	0	0	343.2190402953997
3	12	0	88	0	0	343.22369261855505
3	12	1	12	0	0	343.22369261855505
3	8	0	83	0	0	344.5128159704602
3	8	1	17	0	0	344.5128159704602
8	9	0	79	1	1	344.95101756490936
8	9	1	21	9	9	344.95101756490936
7	14	0	88	0	0	345.4676549059813
7	14	1	12	0	0	345.4676549059813
3	10	0	80	0	0	345.99520065086597
3	10	1	20	1	1	345.99520065086597
6	14	0	82	0	0	346.9357026996144
6	14	1	18	0	0	346.9357026996144
1	9	0	80	0	0	347.19809455964725
1	9	1	20	2	2	347.19809455964725
14	2	0	81	0	0	347.2441572415397
14	2	1	19	0	0	347.2441572415397
7	4	0	82	0	0	347.7622201751514
7	4	1	18	0	0	347.7622201751514
11	2	0	86	0	0	347.7950485926834
11	2	1	14	6	6	347.7950485926834
13	8	0	70	0	0	348.4808374204059
13	8	1	30	0	0	348.4808374204059
5	6	0	89	0	0	349.10942457641397
5	6	1	11	2	2	349.10942457641397
11	6	0	83	0	0	349.22808232958664
11	6	1	17	0	0	349.22808232958664
6	9	0	76	0	0	349.9458055287203
6	9	1	24	5	5	349.9458055287203
9	5	0	81	0	0	350.3999870796775
9	5	1	19	1	1	350.3999870796775
2	1	0	79	0	0	351.2552972010952
2	1	1	21	0	0	351.2552972010952
12	3	0	80	0	0	351.4997823120306
12	3	1	20	0	0	351.4997823120306
13	14	0	82	0	0	351.80521162831997
13	14	1	18	0	0	351.80521162831997
11	4	0	72	0	0	352.49436084983614
11	4	1	28	1	1	352.49436084983614
10	7	0	80	0	0	353.2479845301014
10	7	1	20	0	0	353.2479845301014
1	2	0	74	0	0	353.6439766407469
1	2	1	26	0	0	353.6439766407469
5	3	0	75	0	0	353.7107999883028
5	3	1	25	0	0	353.7107999883028
2	4	0	80	0	0	354.5620041569324
2	4	1	20	4	4	354.5620041569324
13	6	0	75	0	0	354.9897065593557
13	6	1	25	4	4	354.9897065593557
9	14	0	82	0	0	356.78430216316406
9	14	1	18	5	5	356.78430216316406
7	2	0	79	0	0	356.78543040197485
7	2	1	21	0	0	356.78543040197485
4	14	0	76	0	0	356.9949765329763
4	14	1	24	2	2	356.9949765329763
8	4	0	78	0	0	357.2505932178612
8	4	1	22	1	1	357.2505932178612
3	1	0	89	0	0	357.5881136412874
3	1	1	11	1	1	357.5881136412874
3	11	0	73	0	0	358.5129649022835
3	11	1	27	11	11	358.5129649022835
1	11	0	87	1	1	359.21713268147766
1	11	1	13	4	4	359.21713268147766
14	13	0	79	0	0	359.6293457760133
14	13	1	21	0	0	359.6293457760133
13	4	0	87	0	0	360.37003699407063
13	4	1	13	1	1	360.37003699407063
1	12	0	79	0	0	360.889393266223
1	12	1	21	1	1	360.889393266223
2	9	0	78	0	0	361.1218274030336
2	9	1	22	6	6	361.1218274030336
3	9	0	79	0	0	361.4665055569382
3	9	1	21	5	5	361.4665055569382
6	10	0	74	0	0	361.7697526665011
6	10	1	26	3	3	361.7697526665011
7	8	0	78	0	0	362.74574396558626
7	8	1	22	3	3	362.74574396558626
6	4	0	71	1	1	362.8246442516748
6	4	1	29	14	14	362.8246442516748
4	11	0	83	0	0	363.243502252003
4	11	1	17	1	1	363.243502252003
14	5	0	78	1	1	363.7872509667157
14	5	1	22	10	10	363.7872509667157
9	7	0	82	0	0	364.7042554686376
9	7	1	18	0	0	364.7042554686376
7	9	0	77	0	0	365.6861036259224
7	9	1	23	0	0	365.6861036259224
7	10	0	86	0	0	365.74725866474614
7	10	1	14	0	0	365.74725866474614
8	2	0	80	0	0	365.9537826273173
8	2	1	20	2	2	365.9537826273173
1	14	0	87	0	0	366.1500946748967
1	14	1	13	0	0	366.1500946748967
9	12	0	71	0	0	367.14171402563125
9	12	1	29	0	0	367.14171402563125
14	1	0	79	0	0	369.0115658520026
14	1	1	21	0	0	369.0115658520026
2	10	0	78	0	0	370.11840244857007
2	10	1	22	4	4	370.11840244857007
10	14	0	82	1	1	370.242680332309
10	14	1	18	3	3	370.242680332309
4	9	0	77	0	0	372.103515970637
4	9	1	23	0	0	372.103515970637
14	4	0	80	0	0	372.43236569645006
14	4	1	20	1	1	372.43236569645006
8	1	0	71	0	0	372.59067715107864
8	1	1	29	1	1	372.59067715107864
9	6	0	83	0	0	372.6299865840169
9	6	1	17	2	2	372.6299865840169
9	4	0	83	0	0	374.47733188847
9	4	1	17	0	0	374.47733188847
3	2	0	85	0	0	374.5771039508322
3	2	1	15	3	3	374.5771039508322
3	5	0	84	0	0	374.6728497145659
3	5	1	16	0	0	374.6728497145659
5	8	0	82	1	1	375.07450410703484
5	8	1	18	3	3	375.07450410703484
10	2	0	82	0	0	375.2332995330388
10	2	1	18	2	2	375.2332995330388
11	5	0	77	0	0	376.3712762603104
11	5	1	23	0	0	376.3712762603104
8	3	0	83	0	0	377.16839599646795
8	3	1	17	0	0	377.16839599646795
10	8	0	83	0	0	378.39389976862884
10	8	1	17	5	5	378.39389976862884
9	8	0	77	0	0	378.87857282439114
9	8	1	23	8	8	378.87857282439114
1	13	0	80	0	0	379.3927650295136
1	13	1	20	0	0	379.3927650295136
2	14	0	75	0	0	380.31300587428814
2	14	1	25	0	0	380.31300587428814
5	7	0	80	0	0	380.4962940974921
5	7	1	20	0	0	380.4962940974921
12	13	0	80	0	0	380.54535678100723
12	13	1	20	1	1	380.54535678100723
5	4	0	74	0	0	380.7734760820945
5	4	1	26	1	1	380.7734760820945
6	5	0	75	0	0	381.1189047405586
6	5	1	25	10	10	381.1189047405586
12	4	0	82	0	0	381.4822144666009
12	4	1	18	0	0	381.4822144666009
13	2	0	75	0	0	381.9804325474597
13	2	1	25	0	0	381.9804325474597
5	9	0	77	0	0	385.8011546161903
5	9	1	23	0	0	385.8011546161903
13	9	0	81	0	0	386.09105128809557
13	9	1	19	0	0	386.09105128809557
4	3	0	85	0	0	386.80675887728927
4	3	1	15	0	0	386.80675887728927
12	8	0	77	0	0	387.62481645653565
12	8	1	23	0	0	387.62481645653565
8	7	0	78	0	0	388.03119001397334
8	7	1	22	4	4	388.03119001397334
12	10	0	84	0	0	388.05737799977067
12	10	1	16	2	2	388.05737799977067
13	1	0	80	0	0	388.87935117972614
13	1	1	20	0	0	388.87935117972614
14	12	0	79	0	0	389.5309647910732
14	12	1	21	0	0	389.5309647910732
1	5	0	83	0	0	389.6156698076956
1	5	1	17	1	1	389.6156698076956
11	1	0	80	0	0	390.46291092276346
11	1	1	20	9	9	390.46291092276346
4	2	0	73	0	0	390.6498025060481
4	2	1	27	2	2	390.6498025060481
9	1	0	76	0	0	390.70173947515127
9	1	1	24	2	2	390.70173947515127
10	6	0	77	0	0	390.8470163521368
10	6	1	23	3	3	390.8470163521368
10	13	0	84	0	0	392.4581172793334
10	13	1	16	0	0	392.4581172793334
3	14	0	82	0	0	392.80472003396403
3	14	1	18	1	1	392.80472003396403
10	12	0	81	0	0	393.7483200942224
10	12	1	19	1	1	393.7483200942224
6	8	0	78	0	0	393.9881906827726
6	8	1	22	0	0	393.9881906827726
4	6	0	80	0	0	395.4587157882522
4	6	1	20	5	5	395.4587157882522
2	11	0	86	0	0	396.3069555940944
2	11	1	14	5	5	396.3069555940944
11	13	0	88	0	0	397.96001261059007
11	13	1	12	2	2	397.96001261059007
3	13	0	74	0	0	402.2454247046708
3	13	1	26	0	0	402.2454247046708
7	5	0	79	0	0	403.0210418851764
7	5	1	21	3	3	403.0210418851764
4	13	0	77	0	0	405.2841275379048
4	13	1	23	1	1	405.2841275379048
7	12	0	77	0	0	406.03987414485164
7	12	1	23	0	0	406.03987414485164
11	8	0	75	0	0	406.22455285629894
11	8	1	25	7	7	406.22455285629894
3	7	0	77	0	0	406.30293410345314
3	7	1	23	2	2	406.30293410345314
4	12	0	82	0	0	406.55977854206395
4	12	1	18	0	0	406.55977854206395
12	1	0	85	0	0	408.19320744876626
12	1	1	15	0	0	408.19320744876626
2	8	0	82	0	0	409.02396506455887
2	8	1	18	1	1	409.02396506455887
10	1	0	82	0	0	409.6724251592171
10	1	1	18	0	0	409.6724251592171
2	5	0	79	0	0	410.01490433101435
2	5	1	21	0	0	410.01490433101435
10	5	0	74	0	0	411.42079519319657
10	5	1	26	0	0	411.42079519319657
8	13	0	79	0	0	412.8510942109387
8	13	1	21	0	0	412.8510942109387
8	14	0	76	0	0	412.8776198126988
8	14	1	24	5	5	412.8776198126988
1	8	0	86	0	0	413.23825270977005
1	8	1	14	1	1	413.23825270977005
6	7	0	77	1	1	413.8508408985056
6	7	1	23	10	10	413.8508408985056
9	11	0	75	0	0	414.2630147852911
9	11	1	25	0	0	414.2630147852911
11	14	0	78	0	0	414.2794721546997
11	14	1	22	6	6	414.2794721546997
2	7	0	81	0	0	415.9733653320824
2	7	1	19	0	0	415.9733653320824
4	8	0	84	0	0	417.67371022055136
4	8	1	16	4	4	417.67371022055136
5	10	0	76	0	0	419.1822054989213
5	10	1	24	0	0	419.1822054989213
9	13	0	85	0	0	420.2137578306994
9	13	1	15	1	1	420.2137578306994
6	1	0	79	0	0	420.54871419114954
6	1	1	21	0	0	420.54871419114954
8	6	0	80	0	0	421.18963951362036
8	6	1	20	0	0	421.18963951362036
12	6	0	81	0	0	421.9808822216517
12	6	1	19	1	1	421.9808822216517
8	5	0	82	0	0	429.42020446396236
8	5	1	18	6	6	429.42020446396236
1	6	0	80	0	0	429.7199840054303
1	6	1	20	1	1	429.7199840054303
8	12	0	79	0	0	433.21155599822043
8	12	1	21	1	1	433.21155599822043
11	9	0	80	0	0	435.83528227162105
11	9	1	20	0	0	435.83528227162105
11	10	0	83	0	0	436.23712610715864
11	10	1	17	0	0	436.23712610715864
13	12	0	78	0	0	446.36746466383966
13	12	1	22	0	0	446.36746466383966
1	7	0	76	0	0	447.9574394141729
1	7	1	24	5	5	447.9574394141729
11	12	0	87	0	0	456.6330049774898
11	12	1	13	0	0	456.6330049774898
2	13	0	77	0	0	623.8215393533235
2	13	1	23	0	0	623.8215393533235
14	8	0	81	0	0	627.9552715070023
14	8	1	19	1	1	627.9552715070023
3	12	0	79	0	0	629.2631072293138
3	12	1	21	0	0	629.2631072293138
3	6	0	73	0	0	631.4240226364425
3	6	1	27	0	0	631.4240226364425
13	7	0	84	0	0	640.1365736953995
13	7	1	16	0	0	640.1365736953995
13	4	0	87	0	0	643.4656639384509
13	4	1	13	2	2	643.4656639384509
12	5	0	80	0	0	645.9758418158312
12	5	1	20	0	0	645.9758418158312
11	6	0	81	0	0	647.2359642723422
11	6	1	19	2	2	647.2359642723422
2	3	0	83	0	0	651.8295271469781
2	3	1	17	1	1	651.8295271469781
12	3	0	81	0	0	656.121878667631
12	3	1	19	0	0	656.121878667631
8	4	0	77	0	0	658.0961816106137
8	4	1	23	3	3	658.0961816106137
1	3	0	80	0	0	660.6878181964934
1	3	1	20	0	0	660.6878181964934
12	7	0	84	0	0	661.0087655546546
12	7	1	16	1	1	661.0087655546546
10	4	0	85	0	0	666.3663965122107
10	4	1	15	0	0	666.3663965122107
14	10	0	77	0	0	666.4815032473507
14	10	1	23	9	9	666.4815032473507
5	14	0	73	0	0	668.3086483893358
5	14	1	27	3	3	668.3086483893358
7	1	0	77	0	0	668.5604939085732
7	1	1	23	2	2	668.5604939085732
4	7	0	80	0	0	670.8093304351893
4	7	1	20	0	0	670.8093304351893
2	12	0	74	0	0	671.5288387664498
2	12	1	26	0	0	671.5288387664498
10	11	0	80	0	0	671.5432536917484
10	11	1	20	0	0	671.5432536917484
3	1	0	82	0	0	673.8639112791581
3	1	1	18	0	0	673.8639112791581
12	14	0	81	0	0	674.3027184762849
12	14	1	19	3	3	674.3027184762849
13	6	0	80	0	0	674.8475768715587
13	6	1	20	1	1	674.8475768715587
14	3	0	70	1	1	674.9903231294434
14	3	1	30	6	6	674.9903231294434
10	9	0	74	0	0	675.3413042736896
10	9	1	26	0	0	675.3413042736896
13	5	0	80	0	0	675.4052514959247
13	5	1	20	1	1	675.4052514959247
6	13	0	77	0	0	675.7201586736788
6	13	1	23	2	2	675.7201586736788
5	1	0	88	0	0	676.991062078813
5	1	1	12	0	0	676.991062078813
9	7	0	80	0	0	680.6647304118626
9	7	1	20	0	0	680.6647304118626
7	11	0	79	0	0	681.0644054219993
7	11	1	21	0	0	681.0644054219993
5	12	0	79	0	0	682.9475030662429
5	12	1	21	0	0	682.9475030662429
5	9	0	80	0	0	684.675185185888
5	9	1	20	0	0	684.675185185888
13	9	0	83	0	0	685.7220216806436
13	9	1	17	2	2	685.7220216806436
8	10	0	80	0	0	686.2605682886216
8	10	1	20	5	5	686.2605682886216
5	2	0	81	0	0	686.6101223008391
5	2	1	19	1	1	686.6101223008391
13	14	0	83	0	0	687.5252712400544
13	14	1	17	0	0	687.5252712400544
6	2	0	69	0	0	687.7240185048693
6	2	1	31	0	0	687.7240185048693
6	11	0	78	0	0	687.9881391161491
6	11	1	22	3	3	687.9881391161491
7	6	0	81	0	0	689.2996449987985
7	6	1	19	12	12	689.2996449987985
3	8	0	81	0	0	691.6881691294532
3	8	1	19	0	0	691.6881691294532
6	12	0	76	0	0	691.7409809439229
6	12	1	24	11	11	691.7409809439229
8	2	0	83	0	0	692.4086270209356
8	2	1	17	3	3	692.4086270209356
11	5	0	79	0	0	692.5905260023804
11	5	1	21	0	0	692.5905260023804
9	14	0	84	1	1	692.7898626129585
9	14	1	16	8	8	692.7898626129585
8	11	0	85	1	1	693.5443456144179
8	11	1	15	3	3	693.5443456144179
4	14	0	76	0	0	693.6239209157496
4	14	1	24	6	6	693.6239209157496
1	4	0	86	0	0	695.8747601966136
1	4	1	14	2	2	695.8747601966136
7	14	0	73	0	0	696.597667921782
7	14	1	27	6	6	696.597667921782
1	10	0	83	0	0	696.6839656338257
1	10	1	17	1	1	696.6839656338257
2	14	0	75	0	0	697.5528660375019
2	14	1	25	0	0	697.5528660375019
12	9	0	80	0	0	697.5818429044051
12	9	1	20	1	1	697.5818429044051
4	10	0	76	0	0	697.6105266454516
4	10	1	24	0	0	697.6105266454516
2	6	0	76	0	0	701.4289904689728
2	6	1	24	2	2	701.4289904689728
12	2	0	83	0	0	701.4783976196517
12	2	1	17	0	0	701.4783976196517
13	3	0	78	0	0	701.83036384159
13	3	1	22	0	0	701.83036384159
14	2	0	76	0	0	701.9104391310955
14	2	1	24	0	0	701.9104391310955
3	14	0	77	0	0	703.6327009068715
3	14	1	23	3	3	703.6327009068715
9	5	0	76	0	0	703.8903271270519
9	5	1	24	0	0	703.8903271270519
5	6	0	86	0	0	706.7092461820441
5	6	1	14	2	2	706.7092461820441
14	1	0	82	0	0	706.851271976359
14	1	1	18	0	0	706.851271976359
10	7	0	77	0	0	707.9482841216467
10	7	1	23	0	0	707.9482841216467
4	2	0	83	0	0	708.2158966052851
4	2	1	17	0	0	708.2158966052851
9	3	0	81	0	0	708.793700891609
9	3	1	19	3	3	708.793700891609
13	8	0	85	0	0	710.275745182844
13	8	1	15	1	1	710.275745182844
7	4	0	80	0	0	710.2854076000476
7	4	1	20	0	0	710.2854076000476
14	4	0	75	0	0	712.4380678387528
14	4	1	25	6	6	712.4380678387528
8	13	0	83	0	0	713.0566782174498
8	13	1	17	0	0	713.0566782174498
14	5	0	76	1	1	713.2067528318348
14	5	1	24	12	12	713.2067528318348
13	10	0	82	0	0	714.6445080873704
13	10	1	18	1	1	714.6445080873704
7	5	0	75	0	0	715.5228308942172
7	5	1	25	3	3	715.5228308942172
7	8	0	81	0	0	715.8192056804605
7	8	1	19	1	1	715.8192056804605
1	14	0	80	0	0	716.123535613133
1	14	1	20	0	0	716.123535613133
7	13	0	76	0	0	716.909133198676
7	13	1	24	2	2	716.909133198676
11	1	0	80	0	0	717.5765010672739
11	1	1	20	4	4	717.5765010672739
11	7	0	85	0	0	718.0556157755879
11	7	1	15	2	2	718.0556157755879
8	1	0	81	0	0	720.2184610949844
8	1	1	19	0	0	720.2184610949844
2	5	0	81	0	0	721.2337124998181
2	5	1	19	0	0	721.2337124998181
9	1	0	89	0	0	721.8645799202233
9	1	1	11	3	3	721.8645799202233
3	2	0	80	0	0	721.9809591440804
3	2	1	20	2	2	721.9809591440804
3	9	0	75	0	0	722.4136285740911
3	9	1	25	9	9	722.4136285740911
11	8	0	76	0	0	723.0770924558793
11	8	1	24	5	5	723.0770924558793
11	2	0	80	0	0	723.7331758336886
11	2	1	20	8	8	723.7331758336886
10	12	0	79	0	0	724.4163473300737
10	12	1	21	0	0	724.4163473300737
2	1	0	73	0	0	725.8807793643448
2	1	1	27	0	0	725.8807793643448
14	9	0	80	1	1	726.8097717222663
14	9	1	20	12	12	726.8097717222663
12	4	0	78	0	0	727.050219073109
12	4	1	22	0	0	727.050219073109
6	9	0	76	0	0	727.1256870718303
6	9	1	24	3	3	727.1256870718303
14	6	0	71	0	0	727.3104342114162
14	6	1	29	0	0	727.3104342114162
7	2	0	82	0	0	727.5121361535129
7	2	1	18	2	2	727.5121361535129
6	14	0	79	0	0	727.5235062159352
6	14	1	21	0	0	727.5235062159352
6	5	0	85	0	0	728.1834034975706
6	5	1	15	3	3	728.1834034975706
7	9	0	79	0	0	729.1239346382322
7	9	1	21	0	0	729.1239346382322
9	2	0	81	0	0	729.4814466763044
9	2	1	19	0	0	729.4814466763044
13	11	0	79	1	1	729.5855135925256
13	11	1	21	3	3	729.5855135925256
7	3	0	72	0	0	730.0231052417209
7	3	1	28	3	3	730.0231052417209
5	8	0	83	0	0	730.8767506477988
5	8	1	17	8	8	730.8767506477988
3	11	0	79	0	0	731.3248969758789
3	11	1	21	2	2	731.3248969758789
5	3	0	78	0	0	732.620585854872
5	3	1	22	0	0	732.620585854872
4	1	0	76	0	0	732.7749131457049
4	1	1	24	0	0	732.7749131457049
8	5	0	88	6	6	732.8152915580208
8	5	1	12	5	5	732.8152915580208
9	10	0	85	0	0	734.015698322963
9	10	1	15	0	0	734.015698322963
14	7	0	81	0	0	737.5950290020887
14	7	1	19	1	1	737.5950290020887
9	12	0	86	0	0	737.7577232749364
9	12	1	14	0	0	737.7577232749364
9	8	0	84	0	0	737.9418054761977
9	8	1	16	2	2	737.9418054761977
4	5	0	75	0	0	738.1578463900222
4	5	1	25	0	0	738.1578463900222
2	9	0	70	1	1	739.6367580510135
2	9	1	30	4	4	739.6367580510135
11	14	0	83	0	0	740.5720375376616
11	14	1	17	5	5	740.5720375376616
1	13	0	78	0	0	742.3529746279328
1	13	1	22	0	0	742.3529746279328
14	12	0	86	0	0	743.6887798976402
14	12	1	14	0	0	743.6887798976402
1	5	0	81	0	0	743.6933483121412
1	5	1	19	1	1	743.6933483121412
8	9	0	76	1	1	744.1181529898947
8	9	1	24	8	8	744.1181529898947
7	10	0	80	0	0	744.2300230606492
7	10	1	20	0	0	744.2300230606492
9	4	0	81	0	0	744.3862092982371
9	4	1	19	0	0	744.3862092982371
6	10	0	76	0	0	745.1036586109744
6	10	1	24	5	5	745.1036586109744
4	13	0	83	0	0	745.5099104392174
4	13	1	17	2	2	745.5099104392174
8	7	0	80	0	0	745.5564540702478
8	7	1	20	3	3	745.5564540702478
1	2	0	78	0	0	750.8131890696419
1	2	1	22	0	0	750.8131890696419
10	13	0	85	0	0	751.3607526898868
10	13	1	15	0	0	751.3607526898868
10	2	0	81	0	0	751.4664568153953
10	2	1	19	0	0	751.4664568153953
1	11	0	77	0	0	751.4784721311684
1	11	1	23	11	11	751.4784721311684
13	1	0	88	0	0	751.5540648076466
13	1	1	12	0	0	751.5540648076466
1	8	0	86	0	0	751.966267530452
1	8	1	14	4	4	751.966267530452
5	7	0	78	0	0	752.71963507148
5	7	1	22	0	0	752.71963507148
9	11	0	78	0	0	753.3438779007763
9	11	1	22	0	0	753.3438779007763
1	6	0	83	0	0	753.9652305569614
1	6	1	17	0	0	753.9652305569614
11	4	0	75	0	0	754.4681503025822
11	4	1	25	0	0	754.4681503025822
11	13	0	81	0	0	755.0342616270062
11	13	1	19	3	3	755.0342616270062
2	4	0	84	0	0	756.4687741988253
2	4	1	16	1	1	756.4687741988253
12	8	0	77	0	0	757.0611355812825
12	8	1	23	0	0	757.0611355812825
11	3	0	86	0	0	757.4288707484998
11	3	1	14	6	6	757.4288707484998
10	5	0	80	0	0	757.7925606612746
10	5	1	20	0	0	757.7925606612746
14	13	0	83	0	0	758.1632653605766
14	13	1	17	0	0	758.1632653605766
8	6	0	78	0	0	760.778977909207
8	6	1	22	0	0	760.778977909207
10	6	0	83	0	0	761.3910208444495
10	6	1	17	3	3	761.3910208444495
6	3	0	78	0	0	763.1719629471639
6	3	1	22	0	0	763.1719629471639
12	11	0	77	0	0	764.3669680367074
12	11	1	23	0	0	764.3669680367074
1	9	0	83	0	0	764.921360115871
1	9	1	17	2	2	764.921360115871
10	3	0	86	0	0	764.9347797251345
10	3	1	14	1	1	764.9347797251345
4	6	0	83	0	0	765.5711075894116
4	6	1	17	7	7	765.5711075894116
10	14	0	73	0	0	765.6615543090752
10	14	1	27	10	10	765.6615543090752
13	2	0	76	0	0	767.049270884103
13	2	1	24	0	0	767.049270884103
4	11	0	81	0	0	767.8819457728953
4	11	1	19	0	0	767.8819457728953
1	12	0	84	0	0	768.1579396285958
1	12	1	16	0	0	768.1579396285958
13	12	0	82	0	0	770.9849488529301
13	12	1	18	0	0	770.9849488529301
3	7	0	77	0	0	771.5694444781172
3	7	1	23	4	4	771.5694444781172
5	11	0	85	0	0	772.126214246514
5	11	1	15	0	0	772.126214246514
3	4	0	81	0	0	772.3403909846836
3	4	1	19	1	1	772.3403909846836
6	4	0	87	2	2	774.5441514871939
6	4	1	13	3	3	774.5441514871939
3	5	0	79	0	0	777.2327332602954
3	5	1	21	0	0	777.2327332602954
2	10	0	74	0	0	779.7764846356705
2	10	1	26	2	2	779.7764846356705
14	11	0	83	0	0	781.8353905044964
14	11	1	17	8	8	781.8353905044964
2	8	0	82	0	0	782.0364010925638
2	8	1	18	2	2	782.0364010925638
5	13	0	82	0	0	782.1831858502469
5	13	1	18	1	1	782.1831858502469
8	3	0	77	0	0	783.3350902211473
8	3	1	23	0	0	783.3350902211473
6	8	0	87	0	0	783.9952811214971
6	8	1	13	0	0	783.9952811214971
12	10	0	79	0	0	784.101510831285
12	10	1	21	0	0	784.101510831285
10	8	0	72	0	0	785.7264640472765
10	8	1	28	8	8	785.7264640472765
9	6	0	83	0	0	786.3380425515998
9	6	1	17	7	7	786.3380425515998
3	13	0	71	0	0	786.8271519935191
3	13	1	29	0	0	786.8271519935191
8	14	0	87	0	0	788.0423868985346
8	14	1	13	2	2	788.0423868985346
2	7	0	88	0	0	789.7308218661002
2	7	1	12	2	2	789.7308218661002
6	7	0	82	1	1	791.400217797797
6	7	1	18	11	11	791.400217797797
8	12	0	76	0	0	792.2958307218457
8	12	1	24	1	1	792.2958307218457
3	10	0	78	0	0	795.0452738402055
3	10	1	22	5	5	795.0452738402055
5	4	0	79	0	0	798.0810196428018
5	4	1	21	1	1	798.0810196428018
4	12	0	79	0	0	801.2744305432927
4	12	1	21	1	1	801.2744305432927
4	3	0	79	0	0	808.5066973936239
4	3	1	21	0	0	808.5066973936239
12	1	0	88	0	0	810.9129993293168
12	1	1	12	0	0	810.9129993293168
2	11	0	76	1	1	812.8660530199415
2	11	1	24	12	12	812.8660530199415
9	13	0	81	0	0	813.7428005900853
9	13	1	19	2	2	813.7428005900853
4	9	0	79	0	0	813.8023898423445
4	9	1	21	0	0	813.8023898423445
12	13	0	79	0	0	818.4247549321444
12	13	1	21	0	0	818.4247549321444
10	1	0	79	0	0	819.4891007049298
10	1	1	21	2	2	819.4891007049298
11	12	0	76	0	0	826.7066001579045
11	12	1	24	0	0	826.7066001579045
11	9	0	75	0	0	829.524030002803
11	9	1	25	0	0	829.524030002803
12	6	0	83	0	0	840.9718148285996
12	6	1	17	0	0	840.9718148285996
11	10	0	81	0	0	845.9787177671709
11	10	1	19	0	0	845.9787177671709
5	10	0	76	0	0	850.7775363621595
5	10	1	24	0	0	850.7775363621595
7	12	0	85	0	0	866.9289418292466
7	12	1	15	0	0	866.9289418292466
1	7	0	79	0	0	867.072035083352
1	7	1	21	1	1	867.072035083352
4	8	0	76	0	0	871.5546717303357
4	8	1	24	2	2	871.5546717303357
6	1	0	73	0	0	876.4081830064439
6	1	1	27	1	1	876.4081830064439
12	3	0	76	0	0	970.1251091993216
12	3	1	24	0	0	970.1251091993216
5	1	0	80	0	0	974.5450358976095
5	1	1	20	0	0	974.5450358976095
3	12	0	84	0	0	981.8335422747676
3	12	1	16	0	0	981.8335422747676
6	13	0	80	0	0	983.0009330967624
6	13	1	20	1	1	983.0009330967624
1	3	0	85	0	0	983.8329629433604
1	3	1	15	0	0	983.8329629433604
2	13	0	73	0	0	985.0038461242335
2	13	1	27	1	1	985.0038461242335
13	7	0	80	0	0	991.625144059625
13	7	1	20	0	0	991.625144059625
3	6	0	76	0	0	991.8213102264731
3	6	1	24	1	1	991.8213102264731
8	4	0	77	0	0	994.8446206279864
8	4	1	23	2	2	994.8446206279864
1	4	0	78	0	0	1003.8543911775231
1	4	1	22	1	1	1003.8543911775231
3	8	0	81	0	0	1008.017064036088
3	8	1	19	0	0	1008.017064036088
12	7	0	70	0	0	1009.020947151433
12	7	1	30	4	4	1009.020947151433
11	7	0	84	0	0	1015.6488792923938
11	7	1	16	1	1	1015.6488792923938
14	8	0	75	0	0	1017.4007693881839
14	8	1	25	6	6	1017.4007693881839
6	11	0	81	0	0	1018.1864925389815
6	11	1	19	0	0	1018.1864925389815
9	7	0	81	0	0	1020.1863647457849
9	7	1	19	0	0	1020.1863647457849
12	14	0	81	0	0	1021.9616974009565
12	14	1	19	0	0	1021.9616974009565
10	12	0	81	0	0	1026.0121243019958
10	12	1	19	1	1	1026.0121243019958
11	8	0	82	2	2	1027.22313065377
11	8	1	18	6	6	1027.22313065377
10	7	0	82	0	0	1029.4450404739293
10	7	1	18	0	0	1029.4450404739293
11	1	0	84	0	0	1032.4232027484309
11	1	1	16	6	6	1032.4232027484309
7	5	0	78	0	0	1034.0455761521057
7	5	1	22	0	0	1034.0455761521057
9	5	0	78	0	0	1034.2954533053733
9	5	1	22	1	1	1034.2954533053733
14	2	0	79	0	0	1034.965033846092
14	2	1	21	0	0	1034.965033846092
6	12	0	76	0	0	1035.4929373123407
6	12	1	24	8	8	1035.4929373123407
13	9	0	80	0	0	1035.9686407406098
13	9	1	20	3	3	1035.9686407406098
14	10	0	85	0	0	1036.0622484310961
14	10	1	15	6	6	1036.0622484310961
11	6	0	82	0	0	1036.7245154528193
11	6	1	18	2	2	1036.7245154528193
14	5	0	82	0	0	1039.4065611563478
14	5	1	18	7	7	1039.4065611563478
10	11	0	76	0	0	1040.04083315116
10	11	1	24	0	0	1040.04083315116
2	3	0	74	0	0	1042.563854635336
2	3	1	26	0	0	1042.563854635336
4	14	0	82	0	0	1043.5215406759944
4	14	1	18	0	0	1043.5215406759944
7	1	0	76	0	0	1045.2617843343382
7	1	1	24	2	2	1045.2617843343382
5	12	0	85	0	0	1045.799422792853
5	12	1	15	0	0	1045.799422792853
10	9	0	84	0	0	1047.9316456600106
10	9	1	16	0	0	1047.9316456600106
1	6	0	77	0	0	1050.131739833884
1	6	1	23	3	3	1050.131739833884
4	7	0	90	0	0	1050.6716823789827
4	7	1	10	0	0	1050.6716823789827
12	5	0	82	0	0	1050.7048381820262
12	5	1	18	0	0	1050.7048381820262
9	1	0	80	0	0	1055.2875231451442
9	1	1	20	2	2	1055.2875231451442
13	3	0	76	0	0	1055.6097032402565
13	3	1	24	0	0	1055.6097032402565
3	1	0	78	0	0	1055.6909644791654
3	1	1	22	1	1	1055.6909644791654
7	6	0	84	0	0	1056.9113551274506
7	6	1	16	5	5	1056.9113551274506
8	11	0	79	0	0	1057.1807864475954
8	11	1	21	10	10	1057.1807864475954
5	14	0	82	1	1	1058.9869356874367
5	14	1	18	7	7	1058.9869356874367
5	2	0	78	0	0	1059.484637390107
5	2	1	22	2	2	1059.484637390107
5	9	0	81	0	0	1060.0150308486798
5	9	1	19	0	0	1060.0150308486798
13	14	0	76	0	0	1061.027215842211
13	14	1	24	0	0	1061.027215842211
14	6	0	78	0	0	1062.110402119224
14	6	1	22	0	0	1062.110402119224
11	13	0	82	2	2	1062.4176717794815
11	13	1	18	3	3	1062.4176717794815
3	14	0	84	0	0	1062.6199548572051
3	14	1	16	1	1	1062.6199548572051
2	6	0	76	0	0	1063.2457682032107
2	6	1	24	0	0	1063.2457682032107
7	14	0	79	0	0	1064.1413539448204
7	14	1	21	0	0	1064.1413539448204
13	5	0	78	0	0	1065.7127042383456
13	5	1	22	1	1	1065.7127042383456
7	4	0	78	0	0	1066.0623411278896
7	4	1	22	0	0	1066.0623411278896
2	5	0	85	0	0	1066.8216483330357
2	5	1	15	0	0	1066.8216483330357
2	12	0	75	0	0	1067.2685907224113
2	12	1	25	1	1	1067.2685907224113
7	11	0	80	0	0	1067.618298119451
7	11	1	20	0	0	1067.618298119451
12	10	0	83	0	0	1067.9949345951338
12	10	1	17	0	0	1067.9949345951338
4	2	0	80	0	0	1068.8578326620614
4	2	1	20	0	0	1068.8578326620614
4	1	0	84	0	0	1069.842708674896
4	1	1	16	2	2	1069.842708674896
8	13	0	73	0	0	1070.7992823090278
8	13	1	27	0	0	1070.7992823090278
12	9	0	83	0	0	1073.5736978699797
12	9	1	17	1	1	1073.5736978699797
11	2	0	76	0	0	1073.5971620168132
11	2	1	24	10	10	1073.5971620168132
11	14	0	72	0	0	1074.0149260386497
11	14	1	28	6	6	1074.0149260386497
13	11	0	75	0	0	1075.2238731547502
13	11	1	25	4	4	1075.2238731547502
6	7	0	75	1	1	1075.375013570751
6	7	1	25	11	11	1075.375013570751
4	10	0	74	0	0	1075.6136602733036
4	10	1	26	0	0	1075.6136602733036
5	6	0	83	0	0	1076.5619331845212
5	6	1	17	4	4	1076.5619331845212
6	9	0	77	0	0	1076.784314693007
6	9	1	23	7	7	1076.784314693007
13	10	0	79	0	0	1078.3656803655952
13	10	1	21	2	2	1078.3656803655952
9	10	0	75	0	0	1079.647971451741
9	10	1	25	0	0	1079.647971451741
10	4	0	86	0	0	1080.7990795987373
10	4	1	14	0	0	1080.7990795987373
12	8	0	80	0	0	1081.18247549742
12	8	1	20	0	0	1081.18247549742
8	10	0	79	0	0	1081.3619571576382
8	10	1	21	10	10	1081.3619571576382
1	14	0	87	0	0	1081.5974022859439
1	14	1	13	0	0	1081.5974022859439
6	2	0	74	0	0	1083.5703725113708
6	2	1	26	1	1	1083.5703725113708
7	9	0	74	0	0	1083.619103763932
7	9	1	26	0	0	1083.619103763932
14	3	0	75	0	0	1083.637987787803
14	3	1	25	4	4	1083.637987787803
5	8	0	77	1	1	1084.9263224412528
5	8	1	23	8	8	1084.9263224412528
8	7	0	80	0	0	1085.3694399746698
8	7	1	20	3	3	1085.3694399746698
8	5	0	76	0	0	1086.5461230159221
8	5	1	24	8	8	1086.5461230159221
13	4	0	82	0	0	1088.2932128367274
13	4	1	18	2	2	1088.2932128367274
7	3	0	78	0	0	1088.3852039862265
7	3	1	22	2	2	1088.3852039862265
14	9	0	84	1	1	1092.2081525575873
14	9	1	16	6	6	1092.2081525575873
6	8	0	78	0	0	1092.57120308647
6	8	1	22	0	0	1092.57120308647
5	3	0	84	0	0	1092.9248352621355
5	3	1	16	0	0	1092.9248352621355
13	8	0	78	0	0	1093.149667888528
13	8	1	22	0	0	1093.149667888528
2	1	0	81	0	0	1093.3019221520817
2	1	1	19	0	0	1093.3019221520817
2	4	0	82	0	0	1095.7467694009354
2	4	1	18	1	1	1095.7467694009354
10	2	0	81	0	0	1096.4107013809685
10	2	1	19	0	0	1096.4107013809685
3	7	0	79	0	0	1098.078304407636
3	7	1	21	4	4	1098.078304407636
9	11	0	77	0	0	1098.9684109234704
9	11	1	23	1	1	1098.9684109234704
2	14	0	82	0	0	1100.5985658792395
2	14	1	18	0	0	1100.5985658792395
14	4	0	82	0	0	1100.6663613297178
14	4	1	18	3	3	1100.6663613297178
14	1	0	76	0	0	1101.180667047057
14	1	1	24	0	0	1101.180667047057
6	5	0	79	0	0	1103.1214809348578
6	5	1	21	6	6	1103.1214809348578
13	2	0	75	0	0	1104.2312262124317
13	2	1	25	0	0	1104.2312262124317
3	13	0	83	0	0	1104.9022991287636
3	13	1	17	0	0	1104.9022991287636
2	10	0	82	0	0	1105.1251103000466
2	10	1	18	0	0	1105.1251103000466
8	2	0	77	0	0	1106.342252951332
8	2	1	23	1	1	1106.342252951332
5	7	0	86	0	0	1106.5554695380697
5	7	1	14	2	2	1106.5554695380697
1	12	0	80	0	0	1107.694070621049
1	12	1	20	0	0	1107.694070621049
13	1	0	84	0	0	1108.6872350706071
13	1	1	16	0	0	1108.6872350706071
10	8	0	81	0	0	1110.2742456851108
10	8	1	19	4	4	1110.2742456851108
11	4	0	73	0	0	1111.3877300444556
11	4	1	27	0	0	1111.3877300444556
2	9	0	80	0	0	1112.7468679940546
2	9	1	20	2	2	1112.7468679940546
5	11	0	75	0	0	1113.1703033760791
5	11	1	25	0	0	1113.1703033760791
6	14	0	79	0	0	1113.3540013618097
6	14	1	21	0	0	1113.3540013618097
6	10	0	74	0	0	1114.401802470587
6	10	1	26	5	5	1114.401802470587
14	7	0	84	0	0	1114.9502524426339
14	7	1	16	2	2	1114.9502524426339
3	5	0	78	0	0	1115.2309997514326
3	5	1	22	0	0	1115.2309997514326
13	6	0	85	0	0	1115.2726055263224
13	6	1	15	0	0	1115.2726055263224
10	5	0	79	0	0	1115.2897832821186
10	5	1	21	0	0	1115.2897832821186
14	12	0	80	0	0	1116.3236308364967
14	12	1	20	0	0	1116.3236308364967
1	9	0	73	0	0	1116.9542575514963
1	9	1	27	8	8	1116.9542575514963
1	11	0	83	1	1	1118.7994384036688
1	11	1	17	5	5	1118.7994384036688
1	2	0	80	0	0	1122.0372333423593
1	2	1	20	0	0	1122.0372333423593
14	13	0	75	0	0	1122.4492305879164
14	13	1	25	0	0	1122.4492305879164
1	13	0	82	0	0	1122.938868548732
1	13	1	18	0	0	1122.938868548732
9	8	0	79	1	1	1123.3664880616095
9	8	1	21	9	9	1123.3664880616095
2	8	0	89	0	0	1124.034715132561
2	8	1	11	3	3	1124.034715132561
9	14	0	87	0	0	1124.6593487702614
9	14	1	13	6	6	1124.6593487702614
7	13	0	86	0	0	1124.759061083434
7	13	1	14	1	1	1124.759061083434
2	7	0	72	0	0	1125.5453720256817
2	7	1	28	2	2	1125.5453720256817
4	6	0	78	1	1	1125.6576960738842
4	6	1	22	7	7	1125.6576960738842
11	3	0	82	1	1	1126.027685735981
11	3	1	18	7	7	1126.027685735981
9	12	0	80	0	0	1126.0645783935788
9	12	1	20	1	1	1126.0645783935788
13	12	0	78	0	0	1126.4882991336412
13	12	1	22	0	0	1126.4882991336412
10	14	0	69	1	1	1127.9108355705557
10	14	1	31	13	13	1127.9108355705557
11	9	0	86	0	0	1128.718591248396
11	9	1	14	0	0	1128.718591248396
11	5	0	80	0	0	1129.2160941907684
11	5	1	20	0	0	1129.2160941907684
12	11	0	82	0	0	1129.486798208526
12	11	1	18	0	0	1129.486798208526
9	2	0	81	0	0	1129.7314593119886
9	2	1	19	0	0	1129.7314593119886
3	9	0	79	0	0	1130.166826945531
3	9	1	21	5	5	1130.166826945531
7	2	0	81	0	0	1132.6553302158682
7	2	1	19	2	2	1132.6553302158682
8	14	0	80	0	0	1133.339675501497
8	14	1	20	0	0	1133.339675501497
3	2	0	85	0	0	1133.8466355939079
3	2	1	15	0	0	1133.8466355939079
4	12	0	80	0	0	1135.8330978690983
4	12	1	20	0	0	1135.8330978690983
8	6	0	81	0	0	1136.7182082323613
8	6	1	19	0	0	1136.7182082323613
5	13	0	85	0	0	1137.9965632844437
5	13	1	15	2	2	1137.9965632844437
5	4	0	77	0	0	1139.3105789165902
5	4	1	23	2	2	1139.3105789165902
10	13	0	81	0	0	1139.8722196805238
10	13	1	19	1	1	1139.8722196805238
1	5	0	83	0	0	1140.7991823890015
1	5	1	17	0	0	1140.7991823890015
8	9	0	78	1	1	1141.114813856068
8	9	1	22	8	8	1141.114813856068
12	2	0	82	0	0	1142.1163465032855
12	2	1	18	0	0	1142.1163465032855
4	11	0	87	0	0	1143.783975548222
4	11	1	13	0	0	1143.783975548222
8	1	0	84	0	0	1144.0505892884253
8	1	1	16	0	0	1144.0505892884253
3	10	0	75	0	0	1144.2208923778087
3	10	1	25	2	2	1144.2208923778087
10	6	0	78	0	0	1145.6984753000886
10	6	1	22	4	4	1145.6984753000886
14	11	0	77	0	0	1146.0554953500287
14	11	1	23	5	5	1146.0554953500287
9	4	0	83	0	0	1146.1797825899982
9	4	1	17	0	0	1146.1797825899982
6	3	0	79	0	0	1146.2720804292342
6	3	1	21	2	2	1146.2720804292342
7	10	0	74	0	0	1148.8689964064286
7	10	1	26	0	0	1148.8689964064286
4	5	0	85	0	0	1153.4001019894654
4	5	1	15	0	0	1153.4001019894654
10	3	0	82	0	0	1153.5162293968174
10	3	1	18	1	1	1153.5162293968174
1	8	0	79	0	0	1153.9300943069227
1	8	1	21	2	2	1153.9300943069227
1	10	0	83	0	0	1154.0628280743683
1	10	1	17	0	0	1154.0628280743683
6	4	0	80	3	3	1154.3534455966205
6	4	1	20	5	5	1154.3534455966205
7	8	0	80	0	0	1156.0996395436875
7	8	1	20	0	0	1156.0996395436875
3	11	0	88	0	0	1157.3926898484808
3	11	1	12	2	2	1157.3926898484808
12	4	0	81	0	0	1158.2104674333086
12	4	1	19	0	0	1158.2104674333086
9	6	0	84	0	0	1159.0288982045402
9	6	1	16	1	1	1159.0288982045402
4	3	0	77	0	0	1160.804643506333
4	3	1	23	1	1	1160.804643506333
4	13	0	82	0	0	1161.5338353969562
4	13	1	18	3	3	1161.5338353969562
12	6	0	77	0	0	1164.016056959127
12	6	1	23	0	0	1164.016056959127
3	4	0	78	0	0	1164.116281184273
3	4	1	22	0	0	1164.116281184273
9	13	0	77	0	0	1166.0925061248927
9	13	1	23	4	4	1166.0925061248927
2	11	0	82	0	0	1167.5800660556274
2	11	1	18	12	12	1167.5800660556274
9	3	0	77	0	0	1169.197597195872
9	3	1	23	1	1	1169.197597195872
8	3	0	77	0	0	1171.9310467075359
8	3	1	23	0	0	1171.9310467075359
4	9	0	79	0	0	1183.4445313698004
4	9	1	21	0	0	1183.4445313698004
8	12	0	80	0	0	1194.3740906965506
8	12	1	20	0	0	1194.3740906965506
11	10	0	87	0	0	1210.0308210684775
11	10	1	13	0	0	1210.0308210684775
11	12	0	86	0	0	1219.6444196757486
11	12	1	14	0	0	1219.6444196757486
7	12	0	79	0	0	1221.1189623866567
7	12	1	21	0	0	1221.1189623866567
12	1	0	87	0	0	1230.4495165193573
12	1	1	13	0	0	1230.4495165193573
10	1	0	82	0	0	1232.3847757506344
10	1	1	18	2	2	1232.3847757506344
1	7	0	74	0	0	1233.0513163917954
1	7	1	26	3	3	1233.0513163917954
12	13	0	85	0	0	1242.3293741726761
12	13	1	15	0	0	1242.3293741726761
5	1	0	76	0	0	1270.0545046093473
5	1	1	24	3	3	1270.0545046093473
5	10	0	84	0	0	1274.5705640493397
5	10	1	16	0	0	1274.5705640493397
6	1	0	78	0	0	1290.0615599129449
6	1	1	22	1	1	1290.0615599129449
6	13	0	81	0	0	1295.2566605987765
6	13	1	19	4	4	1295.2566605987765
4	8	0	84	0	0	1302.1536532146526
4	8	1	16	0	0	1302.1536532146526
1	4	0	74	0	0	1318.6152467356133
1	4	1	26	6	6	1318.6152467356133
12	3	0	78	0	0	1329.9996811417095
12	3	1	22	0	0	1329.9996811417095
9	1	0	84	0	0	1333.8999955946902
9	1	1	16	3	3	1333.8999955946902
1	3	0	79	0	0	1334.2306721359976
1	3	1	21	0	0	1334.2306721359976
14	2	0	79	0	0	1337.1872894808046
14	2	1	21	0	0	1337.1872894808046
3	6	0	83	0	0	1341.166899126649
3	6	1	17	0	0	1341.166899126649
13	14	0	76	0	0	1345.9941779645478
13	14	1	24	0	0	1345.9941779645478
7	1	0	71	0	0	1353.707091251416
7	1	1	29	2	2	1353.707091251416
11	6	0	80	0	0	1355.4513355084875
11	6	1	20	2	2	1355.4513355084875
6	11	0	80	0	0	1356.376485161209
6	11	1	20	2	2	1356.376485161209
7	5	0	76	0	0	1360.87383932451
7	5	1	24	5	5	1360.87383932451
8	4	0	78	0	0	1361.1010712234151
8	4	1	22	1	1	1361.1010712234151
2	13	0	74	0	0	1361.2573488438386
2	13	1	26	0	0	1361.2573488438386
12	7	0	74	0	0	1367.703768810043
12	7	1	26	3	3	1367.703768810043
10	4	0	88	0	0	1368.0598373872094
10	4	1	12	0	0	1368.0598373872094
3	12	0	80	0	0	1373.350869832674
3	12	1	20	0	0	1373.350869832674
11	1	0	80	3	3	1373.6264047733869
11	1	1	20	11	11	1373.6264047733869
13	10	0	77	0	0	1376.7977008352195
13	10	1	23	4	4	1376.7977008352195
10	12	0	81	0	0	1377.1783486195895
10	12	1	19	0	0	1377.1783486195895
8	7	0	85	0	0	1377.7455105689019
8	7	1	15	5	5	1377.7455105689019
10	7	0	78	0	0	1379.8442146265095
10	7	1	22	0	0	1379.8442146265095
6	7	0	82	0	0	1380.0939117301482
6	7	1	18	10	10	1380.0939117301482
2	3	0	78	0	0	1380.8093409765781
2	3	1	22	1	1	1380.8093409765781
2	9	0	79	0	0	1385.1516712683379
2	9	1	21	3	3	1385.1516712683379
14	8	0	78	0	0	1385.2684365601963
14	8	1	22	1	1	1385.2684365601963
5	8	0	78	1	1	1386.3880494879602
5	8	1	22	7	7	1386.3880494879602
11	8	0	83	1	1	1387.754539807629
11	8	1	17	4	4	1387.754539807629
5	2	0	79	0	0	1390.7155249809525
5	2	1	21	0	0	1390.7155249809525
4	7	0	80	0	0	1390.971734822816
4	7	1	20	0	0	1390.971734822816
4	2	0	82	0	0	1391.300348166423
4	2	1	18	2	2	1391.300348166423
7	6	0	81	0	0	1392.0881487932452
7	6	1	19	5	5	1392.0881487932452
3	1	0	78	0	0	1393.7727968149507
3	1	1	22	5	5	1393.7727968149507
3	8	0	72	0	0	1395.6845698270442
3	8	1	28	0	0	1395.6845698270442
2	6	0	79	0	0	1397.6219118921606
2	6	1	21	0	0	1397.6219118921606
9	7	0	77	0	0	1398.3276939202422
9	7	1	23	0	0	1398.3276939202422
1	6	0	79	0	0	1399.8420451841166
1	6	1	21	0	0	1399.8420451841166
9	2	0	75	0	0	1404.9401208308966
9	2	1	25	2	2	1404.9401208308966
7	11	0	84	0	0	1405.7637383246763
7	11	1	16	2	2	1405.7637383246763
5	12	0	83	0	0	1410.266842606258
5	12	1	17	0	0	1410.266842606258
12	5	0	80	0	0	1412.0213345538668
12	5	1	20	0	0	1412.0213345538668
13	5	0	77	0	0	1412.331796669443
13	5	1	23	0	0	1412.331796669443
11	7	0	82	0	0	1413.3397007372575
11	7	1	18	5	5	1413.3397007372575
11	2	0	71	1	1	1415.2246194840193
11	2	1	29	5	5	1415.2246194840193
2	5	0	75	0	0	1415.2865971721662
2	5	1	25	0	0	1415.2865971721662
4	1	0	82	0	0	1415.352031420561
4	1	1	18	2	2	1415.352031420561
13	7	0	82	0	0	1416.7863806286612
13	7	1	18	1	1	1416.7863806286612
14	10	0	83	0	0	1418.0008969643263
14	10	1	17	4	4	1418.0008969643263
13	9	0	76	0	0	1421.2928349800443
13	9	1	24	3	3	1421.2928349800443
6	12	0	88	0	0	1421.6340389429095
6	12	1	12	3	3	1421.6340389429095
1	14	0	77	0	0	1422.4338044871902
1	14	1	23	0	0	1422.4338044871902
6	2	0	79	0	0	1425.1299535544606
6	2	1	21	0	0	1425.1299535544606
12	14	0	85	0	0	1425.7635721669778
12	14	1	15	0	0	1425.7635721669778
9	5	0	79	0	0	1426.0884159647974
9	5	1	21	0	0	1426.0884159647974
4	14	0	78	0	0	1426.256360628626
4	14	1	22	1	1	1426.256360628626
1	11	0	76	0	0	1426.3671874502595
1	11	1	24	9	9	1426.3671874502595
14	3	0	82	0	0	1428.7592417175963
14	3	1	18	4	4	1428.7592417175963
2	4	0	77	0	0	1430.7695189185995
2	4	1	23	3	3	1430.7695189185995
2	10	0	76	0	0	1430.8091515628755
2	10	1	24	2	2	1430.8091515628755
7	4	0	81	0	0	1430.9999570915575
7	4	1	19	0	0	1430.9999570915575
3	13	0	69	0	0	1431.7793808667836
3	13	1	31	4	4	1431.7793808667836
6	9	0	81	0	0	1432.341748141591
6	9	1	19	6	6	1432.341748141591
14	12	0	86	0	0	1436.2277058411003
14	12	1	14	0	0	1436.2277058411003
8	11	0	79	0	0	1438.502910392948
8	11	1	21	8	8	1438.502910392948
14	6	0	80	0	0	1438.9258517840567
14	6	1	20	0	0	1438.9258517840567
10	5	0	77	0	0	1442.1502215673395
10	5	1	23	1	1	1442.1502215673395
13	2	0	82	0	0	1443.7612944306952
13	2	1	18	0	0	1443.7612944306952
12	10	0	81	0	0	1444.553190932139
12	10	1	19	1	1	1444.553190932139
4	10	0	82	0	0	1445.233645621584
4	10	1	18	0	0	1445.233645621584
8	13	0	81	0	0	1445.890927082839
8	13	1	19	1	1	1445.890927082839
14	5	0	79	0	0	1446.117664527355
14	5	1	21	6	6	1446.117664527355
2	8	0	86	0	0	1447.4237633554299
2	8	1	14	1	1	1447.4237633554299
10	11	0	75	0	0	1447.8051722699627
10	11	1	25	0	0	1447.8051722699627
5	9	0	83	0	0	1448.4389805958015
5	9	1	17	0	0	1448.4389805958015
7	14	0	82	0	0	1448.76614729817
7	14	1	18	3	3	1448.76614729817
7	3	0	89	0	0	1448.8565884508726
7	3	1	11	0	0	1448.8565884508726
5	7	0	73	0	0	1448.862034298188
5	7	1	27	4	4	1448.862034298188
13	11	0	69	1	1	1448.9102718960385
13	11	1	31	12	12	1448.9102718960385
9	8	0	77	0	0	1449.2940513703725
9	8	1	23	7	7	1449.2940513703725
6	5	0	79	0	0	1449.5768643141726
6	5	1	21	5	5	1449.5768643141726
12	9	0	77	0	0	1450.5181247420408
12	9	1	23	0	0	1450.5181247420408
12	8	0	83	0	0	1452.936399827524
12	8	1	17	0	0	1452.936399827524
2	12	0	74	0	0	1454.8764479458698
2	12	1	26	0	0	1454.8764479458698
9	11	0	74	0	0	1456.7762445242406
9	11	1	26	1	1	1456.7762445242406
5	14	0	77	0	0	1457.598251343445
5	14	1	23	5	5	1457.598251343445
4	5	0	74	0	0	1457.7440022505893
4	5	1	26	1	1	1457.7440022505893
10	9	0	80	0	0	1457.8774090327847
10	9	1	20	0	0	1457.8774090327847
11	3	0	80	1	1	1458.0879304837679
11	3	1	20	8	8	1458.0879304837679
6	8	0	84	0	0	1459.1596584634292
6	8	1	16	0	0	1459.1596584634292
1	5	0	84	0	0	1460.3697199740195
1	5	1	16	0	0	1460.3697199740195
3	9	0	81	0	0	1461.610347732574
3	9	1	19	6	6	1461.610347732574
4	6	0	82	0	0	1461.9103183785348
4	6	1	18	6	6	1461.9103183785348
10	8	0	76	0	0	1462.5996170776696
10	8	1	24	6	6	1462.5996170776696
3	14	0	70	0	0	1463.1726622701326
3	14	1	30	5	5	1463.1726622701326
5	6	0	77	0	0	1464.9419185762883
5	6	1	23	6	6	1464.9419185762883
9	4	0	77	0	0	1465.876416526404
9	4	1	23	0	0	1465.876416526404
1	12	0	83	0	0	1466.1373148524044
1	12	1	17	0	0	1466.1373148524044
14	1	0	76	0	0	1466.3038407508016
14	1	1	24	0	0	1466.3038407508016
13	4	0	84	0	0	1468.5139277042078
13	4	1	16	1	1	1468.5139277042078
2	14	0	78	0	0	1468.7750679389758
2	14	1	22	0	0	1468.7750679389758
14	4	0	79	0	0	1469.0617786391879
14	4	1	21	1	1	1469.0617786391879
3	5	0	83	0	0	1469.4895720171899
3	5	1	17	0	0	1469.4895720171899
9	10	0	75	0	0	1469.7327346212328
9	10	1	25	0	0	1469.7327346212328
13	6	0	79	0	0	1469.7618713328525
13	6	1	21	1	1	1469.7618713328525
8	10	0	79	0	0	1469.836354386672
8	10	1	21	6	6	1469.836354386672
1	10	0	89	0	0	1470.6990992975807
1	10	1	11	2	2	1470.6990992975807
13	8	0	80	0	0	1471.7348210599378
13	8	1	20	1	1	1471.7348210599378
8	2	0	82	0	0	1474.8672596106533
8	2	1	18	1	1	1474.8672596106533
5	4	0	81	0	0	1475.9511021321243
5	4	1	19	0	0	1475.9511021321243
11	9	0	79	0	0	1475.9714350916738
11	9	1	21	0	0	1475.9714350916738
14	11	0	81	0	0	1478.0551341985815
14	11	1	19	6	6	1478.0551341985815
1	13	0	78	0	0	1478.6364746394759
1	13	1	22	1	1	1478.6364746394759
3	7	0	80	0	0	1480.3702983281605
3	7	1	20	6	6	1480.3702983281605
13	3	0	84	0	0	1480.698551731911
13	3	1	16	0	0	1480.698551731911
2	7	0	76	0	0	1482.8134254464364
2	7	1	24	3	3	1482.8134254464364
3	4	0	77	0	0	1483.0080127937947
3	4	1	23	2	2	1483.0080127937947
11	5	0	79	0	0	1483.205731795662
11	5	1	21	0	0	1483.205731795662
6	10	0	82	0	0	1485.8591047565492
6	10	1	18	3	3	1485.8591047565492
11	14	0	83	1	1	1486.3029940924962
11	14	1	17	2	2	1486.3029940924962
5	11	0	72	0	0	1488.526861405881
5	11	1	28	0	0	1488.526861405881
8	6	0	79	0	0	1488.571559095408
8	6	1	21	0	0	1488.571559095408
14	13	0	78	0	0	1491.7930761653747
14	13	1	22	1	1	1491.7930761653747
5	3	0	82	0	0	1493.817241734509
5	3	1	18	0	0	1493.817241734509
11	4	0	83	0	0	1496.0766687956661
11	4	1	17	0	0	1496.0766687956661
10	3	0	76	0	0	1497.8164297311766
10	3	1	24	3	3	1497.8164297311766
1	9	0	83	1	1	1497.828163144002
1	9	1	17	2	2	1497.828163144002
12	6	0	84	0	0	1500.3140594708507
12	6	1	16	1	1	1500.3140594708507
9	14	0	77	0	0	1500.5862929032758
9	14	1	23	5	5	1500.5862929032758
2	1	0	76	0	0	1501.4083458024647
2	1	1	24	0	0	1501.4083458024647
7	10	0	83	0	0	1504.70571173385
7	10	1	17	0	0	1504.70571173385
7	9	0	83	0	0	1505.154284604864
7	9	1	17	0	0	1505.154284604864
11	13	0	74	0	0	1505.7583643840128
11	13	1	26	5	5	1505.7583643840128
1	2	0	82	0	0	1506.7294886503448
1	2	1	18	0	0	1506.7294886503448
4	11	0	76	0	0	1507.1742858374987
4	11	1	24	1	1	1507.1742858374987
9	12	0	76	0	0	1507.7065973326253
9	12	1	24	0	0	1507.7065973326253
6	14	0	80	0	0	1508.2249214499952
6	14	1	20	0	0	1508.2249214499952
10	14	0	85	0	0	1509.8147034714439
10	14	1	15	4	4	1509.8147034714439
14	7	0	79	0	0	1512.1939982833978
14	7	1	21	5	5	1512.1939982833978
7	2	0	80	0	0	1514.7180422810256
7	2	1	20	4	4	1514.7180422810256
1	8	0	81	0	0	1514.9993652074877
1	8	1	19	5	5	1514.9993652074877
10	13	0	78	0	0	1516.0970163240574
10	13	1	22	2	2	1516.0970163240574
4	12	0	78	0	0	1517.0754919102005
4	12	1	22	0	0	1517.0754919102005
12	11	0	84	0	0	1517.611740186109
12	11	1	16	0	0	1517.611740186109
12	4	0	82	0	0	1517.65223071267
12	4	1	18	0	0	1517.65223071267
10	6	0	80	0	0	1519.3234896428496
10	6	1	20	3	3	1519.3234896428496
8	12	0	82	0	0	1519.3788563650069
8	12	1	18	0	0	1519.3788563650069
3	2	0	81	0	0	1520.7622940689484
3	2	1	19	0	0	1520.7622940689484
8	9	0	79	1	1	1521.6091961294635
8	9	1	21	12	12	1521.6091961294635
13	1	0	81	0	0	1522.5408043698176
13	1	1	19	0	0	1522.5408043698176
9	13	0	80	0	0	1523.2240353240527
9	13	1	20	4	4	1523.2240353240527
6	4	0	89	0	0	1523.635502291875
6	4	1	11	4	4	1523.635502291875
9	6	0	79	0	0	1524.5297864072743
9	6	1	21	3	3	1524.5297864072743
8	5	0	82	1	1	1524.5703718428485
8	5	1	18	9	9	1524.5703718428485
10	2	0	77	0	0	1524.6911378151322
10	2	1	23	2	2	1524.6911378151322
2	11	0	88	0	0	1529.2169923925599
2	11	1	12	2	2	1529.2169923925599
14	9	0	72	0	0	1531.1744588199751
14	9	1	28	9	9	1531.1744588199751
5	13	0	81	0	0	1536.5934007083983
5	13	1	19	1	1	1536.5934007083983
12	1	0	84	0	0	1537.665253134603
12	1	1	16	0	0	1537.665253134603
8	3	0	75	0	0	1539.473854090776
8	3	1	25	0	0	1539.473854090776
7	8	0	79	0	0	1539.6410847417656
7	8	1	21	6	6	1539.6410847417656
9	3	0	84	0	0	1542.1589284172549
9	3	1	16	2	2	1542.1589284172549
7	13	0	78	0	0	1545.977334621021
7	13	1	22	3	3	1545.977334621021
8	1	0	80	0	0	1549.8165270592751
8	1	1	20	1	1	1549.8165270592751
3	10	0	79	0	0	1550.9402828210332
3	10	1	21	7	7	1550.9402828210332
13	12	0	80	0	0	1553.274122516487
13	12	1	20	0	0	1553.274122516487
4	9	0	81	0	0	1560.1826194889695
4	9	1	19	0	0	1560.1826194889695
8	14	0	75	0	0	1560.8383521868864
8	14	1	25	1	1	1560.8383521868864
6	3	0	82	0	0	1561.293385228283
6	3	1	18	0	0	1561.293385228283
11	10	0	82	0	0	1565.684379137152
11	10	1	18	0	0	1565.684379137152
12	2	0	85	0	0	1573.5803539954618
12	2	1	15	0	0	1573.5803539954618
4	3	0	86	0	0	1585.584327737351
4	3	1	14	1	1	1585.584327737351
11	12	0	76	0	0	1589.283201112915
11	12	1	24	0	0	1589.283201112915
3	11	0	79	1	1	1590.136518953086
3	11	1	21	10	10	1590.136518953086
7	12	0	84	0	0	1596.4026492341507
7	12	1	16	1	1	1596.4026492341507
10	1	0	80	0	0	1596.6979548109946
10	1	1	20	2	2	1596.6979548109946
12	13	0	81	0	0	1602.3016255745897
12	13	1	19	3	3	1602.3016255745897
