03-10-2015 12-56-59
Blocking per SRC-DST nodes

S	D	T	Req	Blocked	U	SimTime
12	5	0	72	0	0	558.5048690654041
12	5	1	28	0	0	558.5048690654041
6	2	0	79	0	0	560.1401162418287
6	2	1	21	0	0	560.1401162418287
6	11	0	72	0	0	562.6968028893499
6	11	1	28	0	0	562.6968028893499
14	10	0	76	0	0	593.6980691280004
14	10	1	24	0	0	593.6980691280004
10	9	0	82	0	0	607.3973119461231
10	9	1	18	0	0	607.3973119461231
12	9	0	82	0	0	610.6045120933634
12	9	1	18	0	0	610.6045120933634
14	3	0	80	0	0	620.6461315602834
14	3	1	20	0	0	620.6461315602834
2	6	0	79	0	0	622.9883246839738
2	6	1	21	0	0	622.9883246839738
11	7	0	80	0	0	626.1387054685439
11	7	1	20	0	0	626.1387054685439
2	12	0	72	0	0	626.4418238838201
2	12	1	28	0	0	626.4418238838201
6	12	0	78	0	0	628.8507960758417
6	12	1	22	0	0	628.8507960758417
14	7	0	82	0	0	630.4128293100624
14	7	1	18	0	0	630.4128293100624
3	4	0	83	0	0	632.8256898235984
3	4	1	17	0	0	632.8256898235984
10	4	0	79	0	0	634.9940562021175
10	4	1	21	0	0	634.9940562021175
7	11	0	83	0	0	635.7589240946558
7	11	1	17	0	0	635.7589240946558
12	2	0	85	0	0	637.2294422965533
12	2	1	15	0	0	637.2294422965533
10	3	0	80	0	0	640.0832352397373
10	3	1	20	0	0	640.0832352397373
2	3	0	78	0	0	643.6057015156974
2	3	1	22	0	0	643.6057015156974
12	7	0	86	0	0	645.6017288381797
12	7	1	14	0	0	645.6017288381797
5	12	0	86	0	0	647.2981351137528
5	12	1	14	0	0	647.2981351137528
4	1	0	80	0	0	649.8401687422718
4	1	1	20	0	0	649.8401687422718
3	6	0	83	0	0	650.4175179911642
3	6	1	17	0	0	650.4175179911642
13	10	0	80	0	0	650.8203498340149
13	10	1	20	0	0	650.8203498340149
5	1	0	78	0	0	651.0152054500678
5	1	1	22	0	0	651.0152054500678
4	10	0	82	0	0	651.3812151191962
4	10	1	18	0	0	651.3812151191962
5	14	0	83	0	0	651.7508305464277
5	14	1	17	0	0	651.7508305464277
13	11	0	77	0	0	653.9480137342789
13	11	1	23	0	0	653.9480137342789
14	6	0	86	0	0	654.9496202085123
14	6	1	14	0	0	654.9496202085123
6	3	0	75	0	0	655.2890584491892
6	3	1	25	0	0	655.2890584491892
14	9	0	80	0	0	655.9480414181216
14	9	1	20	1	1	655.9480414181216
12	14	0	77	0	0	659.5365782405
12	14	1	23	0	0	659.5365782405
7	1	0	85	0	0	661.8310790057208
7	1	1	15	0	0	661.8310790057208
1	3	0	86	0	0	662.2739868610342
1	3	1	14	0	0	662.2739868610342
8	10	0	75	0	0	662.4789335972698
8	10	1	25	0	0	662.4789335972698
7	6	0	86	0	0	666.0380681381994
7	6	1	14	0	0	666.0380681381994
13	7	0	82	0	0	669.999028839741
13	7	1	18	0	0	669.999028839741
4	7	0	80	0	0	671.2161859151486
4	7	1	20	0	0	671.2161859151486
6	13	0	82	0	0	671.4626962397185
6	13	1	18	0	0	671.4626962397185
7	13	0	83	0	0	671.9798631193953
7	13	1	17	0	0	671.9798631193953
5	11	0	77	0	0	673.3915860754357
5	11	1	23	0	0	673.3915860754357
2	13	0	80	0	0	673.4086602926566
2	13	1	20	0	0	673.4086602926566
13	5	0	79	0	0	675.2713324046462
13	5	1	21	0	0	675.2713324046462
7	3	0	83	0	0	675.4037489536013
7	3	1	17	0	0	675.4037489536013
9	2	0	87	0	0	676.3933076191763
9	2	1	13	0	0	676.3933076191763
14	8	0	79	0	0	676.6892150068885
14	8	1	21	0	0	676.6892150068885
11	3	0	73	0	0	678.1189456839498
11	3	1	27	0	0	678.1189456839498
10	11	0	75	0	0	678.4350548981613
10	11	1	25	0	0	678.4350548981613
9	3	0	76	0	0	678.518852416466
9	3	1	24	0	0	678.518852416466
5	2	0	80	0	0	679.3024630114589
5	2	1	20	0	0	679.3024630114589
14	11	0	79	0	0	680.0874290066963
14	11	1	21	0	0	680.0874290066963
12	11	0	84	0	0	680.3975027806748
12	11	1	16	0	0	680.3975027806748
8	11	0	81	0	0	681.661787951704
8	11	1	19	0	0	681.661787951704
1	10	0	79	0	0	683.0012502046924
1	10	1	21	0	0	683.0012502046924
4	5	0	84	0	0	684.045480832631
4	5	1	16	0	0	684.045480832631
5	13	0	66	0	0	684.2696903398346
5	13	1	34	0	0	684.2696903398346
1	4	0	85	0	0	685.2584697961441
1	4	1	15	0	0	685.2584697961441
9	10	0	78	0	0	685.3146535713462
9	10	1	22	0	0	685.3146535713462
13	3	0	79	0	0	686.4405792370065
13	3	1	21	0	0	686.4405792370065
3	12	0	88	0	0	686.4498839171863
3	12	1	12	0	0	686.4498839171863
3	8	0	83	0	0	689.0281400058582
3	8	1	17	0	0	689.0281400058582
8	9	0	79	0	0	689.9045463848786
8	9	1	21	0	0	689.9045463848786
7	14	0	88	0	0	690.9378248281618
7	14	1	12	0	0	690.9378248281618
3	10	0	80	0	0	691.9929201584804
3	10	1	20	0	0	691.9929201584804
6	14	0	82	0	0	693.8739311028645
6	14	1	18	0	0	693.8739311028645
1	9	0	80	0	0	694.3987167331509
1	9	1	20	0	0	694.3987167331509
14	2	0	81	0	0	694.4908424322725
14	2	1	19	0	0	694.4908424322725
7	4	0	82	0	0	695.5269720710147
7	4	1	18	0	0	695.5269720710147
11	2	0	86	0	0	695.5926291450713
11	2	1	14	0	0	695.5926291450713
13	8	0	70	0	0	696.9642117930802
13	8	1	30	0	0	696.9642117930802
5	6	0	89	0	0	698.2213906812322
5	6	1	11	0	0	698.2213906812322
11	6	0	83	0	0	698.4587070514118
11	6	1	17	0	0	698.4587070514118
6	9	0	76	0	0	699.8941586747268
6	9	1	24	0	0	699.8941586747268
9	5	0	81	0	0	700.8025250830975
9	5	1	19	0	0	700.8025250830975
2	1	0	79	0	0	702.5131515526176
2	1	1	21	0	0	702.5131515526176
12	3	0	80	0	0	703.0021235543487
12	3	1	20	0	0	703.0021235543487
13	14	0	82	0	0	703.6129844104647
13	14	1	18	0	0	703.6129844104647
11	4	0	72	0	0	704.9912878705286
11	4	1	28	0	0	704.9912878705286
10	7	0	80	0	0	706.498540717464
10	7	1	20	0	0	706.498540717464
1	2	0	74	0	0	707.2905278215895
1	2	1	26	0	0	707.2905278215895
5	3	0	75	0	0	707.4241750031779
5	3	1	25	0	0	707.4241750031779
2	4	0	80	0	0	709.1265895372303
2	4	1	20	0	0	709.1265895372303
13	6	0	75	0	0	709.9819974557671
13	6	1	25	0	0	709.9819974557671
9	14	0	82	0	0	713.5712017280999
9	14	1	18	0	0	713.5712017280999
7	2	0	79	0	0	713.5734582139371
7	2	1	21	0	0	713.5734582139371
4	14	0	76	0	0	713.9925520014408
4	14	1	24	0	0	713.9925520014408
8	4	0	78	0	0	714.5037872321092
8	4	1	22	0	0	714.5037872321092
3	1	0	89	0	0	715.1788305361208
3	1	1	11	0	0	715.1788305361208
3	11	0	73	0	0	717.0285397910615
3	11	1	27	0	0	717.0285397910615
1	11	0	87	0	0	718.4368804758147
1	11	1	13	0	0	718.4368804758147
14	13	0	79	0	0	719.2613096658102
14	13	1	21	0	0	719.2613096658102
13	4	0	87	0	0	720.7426974941844
13	4	1	13	0	0	720.7426974941844
1	12	0	79	0	0	721.7814138194188
1	12	1	21	0	0	721.7814138194188
2	9	0	78	0	0	722.2462837851676
2	9	1	22	0	0	722.2462837851676
3	9	0	79	0	0	722.9356426022467
3	9	1	21	0	0	722.9356426022467
6	10	0	74	0	0	723.5421390290232
6	10	1	26	0	0	723.5421390290232
7	8	0	78	0	0	725.4941287324436
7	8	1	22	0	0	725.4941287324436
6	4	0	71	0	0	725.651929879017
6	4	1	29	0	0	725.651929879017
4	11	0	83	0	0	726.4896489289725
4	11	1	17	0	0	726.4896489289725
14	5	0	78	0	0	727.5771503169052
14	5	1	22	0	0	727.5771503169052
9	7	0	82	0	0	729.4111659965745
9	7	1	18	0	0	729.4111659965745
7	9	0	77	0	0	731.3748694590333
7	9	1	23	0	0	731.3748694590333
7	10	0	86	0	0	731.4971799818917
7	10	1	14	0	0	731.4971799818917
8	2	0	80	0	0	731.9102294105343
8	2	1	20	0	0	731.9102294105343
1	14	0	87	0	0	732.3028549348503
1	14	1	13	0	0	732.3028549348503
9	12	0	71	0	0	734.2861008553424
9	12	1	29	0	0	734.2861008553424
14	1	0	79	0	0	738.025818120668
14	1	1	21	0	0	738.025818120668
2	10	0	78	0	0	740.2394993716108
2	10	1	22	0	0	740.2394993716108
10	14	0	82	0	0	740.4880560438388
10	14	1	18	0	0	740.4880560438388
4	9	0	77	0	0	744.2097408674392
4	9	1	23	0	0	744.2097408674392
14	4	0	80	0	0	744.8674427131012
14	4	1	20	0	0	744.8674427131012
8	1	0	71	0	0	745.1840667748733
8	1	1	29	0	0	745.1840667748733
9	6	0	83	0	0	745.2626859269233
9	6	1	17	0	0	745.2626859269233
9	4	0	83	0	0	748.9573899845659
9	4	1	17	0	0	748.9573899845659
3	2	0	85	0	0	749.1569348356346
3	2	1	15	0	0	749.1569348356346
3	5	0	84	0	0	749.3484270601343
3	5	1	16	0	0	749.3484270601343
5	8	0	82	0	0	750.1517387691299
5	8	1	18	0	0	750.1517387691299
10	2	0	82	0	0	750.4693307771748
10	2	1	18	0	0	750.4693307771748
11	5	0	77	0	0	752.7452925162278
11	5	1	23	0	0	752.7452925162278
8	3	0	83	0	0	754.3395377915996
8	3	1	17	0	0	754.3395377915996
10	8	0	83	0	0	756.7905542576315
10	8	1	17	0	0	756.7905542576315
9	8	0	77	0	0	757.7599038975908
9	8	1	23	0	0	757.7599038975908
1	13	0	80	0	0	758.7882920511717
1	13	1	20	0	0	758.7882920511717
2	14	0	75	0	0	760.6287804401043
2	14	1	25	0	0	760.6287804401043
5	7	0	80	0	0	760.9953582208586
5	7	1	20	0	0	760.9953582208586
12	13	0	80	0	0	761.0934839450645
12	13	1	20	0	0	761.0934839450645
5	4	0	74	0	0	761.5497242079575
5	4	1	26	0	0	761.5497242079575
6	5	0	75	0	0	762.2405840396187
6	5	1	25	0	0	762.2405840396187
12	4	0	82	0	0	762.9672061366075
12	4	1	18	0	0	762.9672061366075
13	2	0	75	0	0	763.9636459253721
13	2	1	25	0	0	763.9636459253721
5	9	0	77	0	0	771.6051178778189
5	9	1	23	0	0	771.6051178778189
13	9	0	81	0	0	772.1849133320874
13	9	1	19	0	0	772.1849133320874
4	3	0	85	0	0	773.6163337208487
4	3	1	15	0	0	773.6163337208487
12	8	0	77	0	0	775.2524548348271
12	8	1	23	0	0	775.2524548348271
8	7	0	78	0	0	776.0652049081177
8	7	1	22	0	0	776.0652049081177
12	10	0	84	0	0	776.1175810703597
12	10	1	16	0	0	776.1175810703597
13	1	0	80	0	0	777.761533414266
13	1	1	20	0	0	777.761533414266
14	12	0	79	0	0	779.0647653807266
14	12	1	21	0	0	779.0647653807266
1	5	0	83	0	0	779.2341760306275
1	5	1	17	0	0	779.2341760306275
11	1	0	80	0	0	780.9286644287105
11	1	1	20	0	0	780.9286644287105
4	2	0	73	0	0	781.3024489558538
4	2	1	27	0	0	781.3024489558538
9	1	0	76	0	0	781.4063232721635
9	1	1	24	0	0	781.4063232721635
10	6	0	77	0	0	781.6968780837572
10	6	1	23	0	0	781.6968780837572
10	13	0	84	0	0	784.9190916670195
10	13	1	16	0	0	784.9190916670195
3	14	0	82	0	0	785.612299699559
3	14	1	18	0	0	785.612299699559
10	12	0	81	0	0	787.4995066895175
10	12	1	19	0	0	787.4995066895175
6	8	0	78	0	0	787.9792496128831
6	8	1	22	0	0	787.9792496128831
4	6	0	80	0	0	790.9203105293132
4	6	1	20	1	1	790.9203105293132
2	11	0	86	0	0	792.6167963162109
2	11	1	14	1	1	792.6167963162109
11	13	0	88	0	0	795.9229223835166
11	13	1	12	0	0	795.9229223835166
3	13	0	74	0	0	804.4937777696213
3	13	1	26	0	0	804.4937777696213
7	5	0	80	0	0	806.045017777153
7	5	1	20	0	0	806.045017777153
4	13	0	77	0	0	810.5712055579485
4	13	1	23	0	0	810.5712055579485
7	12	0	77	0	0	812.0827042737045
7	12	1	23	0	0	812.0827042737045
11	8	0	75	0	0	812.452063041066
11	8	1	25	0	0	812.452063041066
3	7	0	77	0	0	812.6088261059913
3	7	1	23	0	0	812.6088261059913
4	12	0	82	0	0	813.1225168530493
4	12	1	18	0	0	813.1225168530493
12	1	0	85	0	0	816.3893865578699
12	1	1	15	0	0	816.3893865578699
2	8	0	82	0	0	818.0509078373989
2	8	1	18	0	0	818.0509078373989
10	1	0	82	0	0	819.3478327475297
10	1	1	18	0	0	819.3478327475297
2	5	0	79	0	0	820.0327935843812
2	5	1	21	0	0	820.0327935843812
10	5	0	74	0	0	822.8445855436814
10	5	1	26	0	0	822.8445855436814
8	13	0	79	0	0	825.7051939917901
8	13	1	21	0	0	825.7051939917901
8	14	0	76	0	0	825.7582453884177
8	14	1	24	0	0	825.7582453884177
1	8	0	86	0	0	826.4795138079776
1	8	1	14	0	0	826.4795138079776
6	7	0	77	0	0	827.704694645114
6	7	1	23	0	0	827.704694645114
9	11	0	75	0	0	828.5290454193231
9	11	1	25	0	0	828.5290454193231
11	14	0	78	0	0	828.5619602779524
11	14	1	22	0	0	828.5619602779524
2	7	0	81	0	0	831.9497589643145
2	7	1	19	0	0	831.9497589643145
4	8	0	84	0	0	835.3504611198216
4	8	1	16	0	0	835.3504611198216
5	10	0	76	0	0	838.3674626584594
5	10	1	24	0	0	838.3674626584594
9	13	0	85	0	0	840.4305748317499
9	13	1	15	0	0	840.4305748317499
6	1	0	79	0	0	841.1004899911455
6	1	1	21	0	0	841.1004899911455
8	6	0	80	0	0	842.382345302045
8	6	1	20	0	0	842.382345302045
12	6	0	81	0	0	843.9648364783792
12	6	1	19	0	0	843.9648364783792
8	5	0	82	0	0	858.8435351215202
8	5	1	18	0	0	858.8435351215202
1	6	0	80	0	0	859.443096386859
1	6	1	20	0	0	859.443096386859
8	12	0	79	0	0	866.4262657912036
8	12	1	21	0	0	866.4262657912036
11	9	0	80	0	0	871.6737374388207
11	9	1	20	0	0	871.6737374388207
11	10	0	83	0	0	872.4774280353327
11	10	1	17	0	0	872.4774280353327
13	12	0	78	0	0	892.7381788979003
13	12	1	22	0	0	892.7381788979003
1	7	0	76	0	0	895.9181399736353
1	7	1	24	0	0	895.9181399736353
11	12	0	87	0	0	913.2693342586819
11	12	1	13	0	0	913.2693342586819
2	13	0	77	0	0	1247.647620148522
2	13	1	23	0	0	1247.647620148522
14	8	0	81	0	0	1255.9151145495887
14	8	1	19	0	0	1255.9151145495887
3	12	0	79	0	0	1258.530795515302
3	12	1	21	0	0	1258.530795515302
3	6	0	73	0	0	1262.8526420610965
3	6	1	27	0	0	1262.8526420610965
13	7	0	84	0	0	1280.2778076066763
13	7	1	16	0	0	1280.2778076066763
13	4	0	87	0	0	1286.9360123286688
13	4	1	13	0	0	1286.9360123286688
12	5	0	80	0	0	1291.9563863576084
12	5	1	20	0	0	1291.9563863576084
11	6	0	81	0	0	1294.4766404443687
11	6	1	19	0	0	1294.4766404443687
2	3	0	83	0	0	1303.663799634927
2	3	1	17	0	0	1303.663799634927
12	3	0	81	0	0	1312.2485339246987
12	3	1	19	0	0	1312.2485339246987
8	4	0	77	0	0	1316.1971541836617
8	4	1	23	0	0	1316.1971541836617
1	3	0	80	0	0	1321.3804462226192
1	3	1	20	0	0	1321.3804462226192
12	7	0	84	0	0	1322.0223432754476
12	7	1	16	0	0	1322.0223432754476
10	4	0	85	0	0	1332.7376441942981
10	4	1	15	0	0	1332.7376441942981
14	10	0	77	0	0	1332.967858502555
14	10	1	23	0	0	1332.967858502555
5	14	0	73	0	0	1336.6221620882106
5	14	1	27	0	0	1336.6221620882106
7	1	0	77	0	0	1337.1258549601228
7	1	1	23	0	0	1337.1258549601228
4	7	0	80	0	0	1341.6235443849628
4	7	1	20	0	0	1341.6235443849628
2	12	0	74	0	0	1343.062566285526
2	12	1	26	0	0	1343.062566285526
10	11	0	80	0	0	1343.0913962410687
10	11	1	20	0	0	1343.0913962410687
3	1	0	82	0	0	1347.7327283103505
3	1	1	18	0	0	1347.7327283103505
12	14	0	81	0	0	1348.610345899135
12	14	1	19	0	0	1348.610345899135
13	6	0	80	0	0	1349.7000666562728
13	6	1	20	0	0	1349.7000666562728
14	3	0	70	0	0	1349.9855602112355
14	3	1	30	0	0	1349.9855602112355
10	9	0	74	0	0	1350.6875250548874
10	9	1	26	0	0	1350.6875250548874
13	5	0	80	0	0	1350.815419964895
13	5	1	20	0	0	1350.815419964895
6	13	0	77	0	0	1351.445236612944
6	13	1	23	0	0	1351.445236612944
5	1	0	88	0	0	1353.9870526754298
5	1	1	12	0	0	1353.9870526754298
9	7	0	80	0	0	1361.3344160859544
9	7	1	20	0	0	1361.3344160859544
7	11	0	79	0	0	1362.1337690158723
7	11	1	21	0	0	1362.1337690158723
5	12	0	79	0	0	1365.8999780133809
5	12	1	21	0	0	1365.8999780133809
5	9	0	80	0	0	1369.3553548302555
5	9	1	20	0	0	1369.3553548302555
13	9	0	83	0	0	1371.4490354407687
13	9	1	17	0	0	1371.4490354407687
8	10	0	80	0	0	1372.5261325773636
8	10	1	20	0	0	1372.5261325773636
5	2	0	81	0	0	1373.225243146565
5	2	1	19	0	0	1373.225243146565
13	14	0	83	0	0	1375.0555476873083
13	14	1	17	0	0	1375.0555476873083
6	2	0	69	0	0	1375.4530436638295
6	2	1	31	0	0	1375.4530436638295
6	11	0	78	0	0	1375.9812868091963
6	11	1	22	0	0	1375.9812868091963
7	6	0	81	0	0	1378.6043081222924
7	6	1	19	0	0	1378.6043081222924
3	8	0	81	0	0	1383.3813737721403
3	8	1	19	0	0	1383.3813737721403
6	12	0	76	0	0	1383.486997785558
6	12	1	24	0	0	1383.486997785558
8	2	0	83	0	0	1384.822294800066
8	2	1	17	0	0	1384.822294800066
11	5	0	79	0	0	1385.1860940871868
11	5	1	21	0	0	1385.1860940871868
9	14	0	84	0	0	1385.5847687595171
9	14	1	16	3	3	1385.5847687595171
8	11	0	85	0	0	1387.0937402551006
8	11	1	15	0	0	1387.0937402551006
4	14	0	76	0	0	1387.2528914370719
4	14	1	24	0	0	1387.2528914370719
1	4	0	86	0	0	1391.7545863849846
1	4	1	14	0	0	1391.7545863849846
7	14	0	73	0	0	1393.2004070981127
7	14	1	27	0	0	1393.2004070981127
1	10	0	83	0	0	1393.3730031504515
1	10	1	17	0	0	1393.3730031504515
2	14	0	75	0	0	1395.110810283428
2	14	1	25	0	0	1395.110810283428
12	9	0	80	0	0	1395.168764228187
12	9	1	20	0	0	1395.168764228187
4	10	0	76	0	0	1395.2261319191
4	10	1	24	0	0	1395.2261319191
2	6	0	76	0	0	1402.8630873646864
2	6	1	24	0	0	1402.8630873646864
12	2	0	83	0	0	1402.9619020257303
12	2	1	17	0	0	1402.9619020257303
13	3	0	78	0	0	1403.6658370319362
13	3	1	22	0	0	1403.6658370319362
14	2	0	76	0	0	1403.8259881938934
14	2	1	24	0	0	1403.8259881938934
3	14	0	77	0	0	1407.2705242835718
3	14	1	23	0	0	1407.2705242835718
9	5	0	76	0	0	1407.7857785994604
9	5	1	24	0	0	1407.7857785994604
5	6	0	86	0	0	1413.4236372312757
5	6	1	14	0	0	1413.4236372312757
14	1	0	82	0	0	1413.7076898538508
14	1	1	18	0	0	1413.7076898538508
10	7	0	77	0	0	1415.901722130717
10	7	1	23	0	0	1415.901722130717
4	2	0	83	0	0	1416.4369490462186
4	2	1	17	0	0	1416.4369490462186
9	3	0	81	0	0	1417.5925618253013
9	3	1	19	0	0	1417.5925618253013
13	8	0	85	0	0	1420.5566611971055
13	8	1	15	0	0	1420.5566611971055
7	4	0	80	0	0	1420.5759861018523
7	4	1	20	0	0	1420.5759861018523
14	4	0	75	0	0	1424.8813222507006
14	4	1	25	0	0	1424.8813222507006
8	13	0	83	0	0	1426.1185475116067
8	13	1	17	0	0	1426.1185475116067
14	5	0	76	0	0	1426.4186978329176
14	5	1	24	0	0	1426.4186978329176
13	10	0	82	0	0	1429.294218810899
13	10	1	18	0	0	1429.294218810899
7	5	0	75	0	0	1431.0508708188102
7	5	1	25	0	0	1431.0508708188102
7	8	0	81	0	0	1431.6436225489153
7	8	1	19	0	0	1431.6436225489153
1	14	0	80	0	0	1432.2522846297923
1	14	1	20	0	0	1432.2522846297923
7	13	0	76	0	0	1433.8234855200556
7	13	1	24	0	0	1433.8234855200556
11	1	0	80	0	0	1435.1582261157168
11	1	1	20	0	0	1435.1582261157168
11	7	0	85	0	0	1436.1164590203164
11	7	1	15	0	0	1436.1164590203164
8	1	0	81	0	0	1440.4421654046978
8	1	1	19	0	0	1440.4421654046978
2	5	0	81	0	0	1442.4726756054235
2	5	1	19	0	0	1442.4726756054235
9	1	0	89	0	0	1443.7344150389715
9	1	1	11	0	0	1443.7344150389715
3	2	0	80	0	0	1443.9671743339284
3	2	1	20	0	0	1443.9671743339284
3	9	0	75	0	0	1444.8325163437978
3	9	1	25	0	0	1444.8325163437978
11	8	0	76	0	0	1446.1594489374186
11	8	1	24	0	0	1446.1594489374186
11	2	0	80	0	0	1447.4716204693461
11	2	1	20	1	1	1447.4716204693461
10	12	0	79	0	0	1448.8379684356273
10	12	1	21	0	0	1448.8379684356273
2	1	0	73	0	0	1451.7668431652808
2	1	1	27	0	0	1451.7668431652808
14	9	0	80	0	0	1453.6248346442178
14	9	1	20	0	0	1453.6248346442178
12	4	0	78	0	0	1454.10573109637
12	4	1	22	0	0	1454.10573109637
6	9	0	76	0	0	1454.256667643228
6	9	1	24	0	0	1454.256667643228
14	6	0	71	0	0	1454.6261632673577
14	6	1	29	0	0	1454.6261632673577
7	2	0	82	0	0	1455.0295686199488
7	2	1	18	0	0	1455.0295686199488
6	14	0	79	0	0	1455.0523088275745
6	14	1	21	0	0	1455.0523088275745
6	5	0	85	0	0	1456.3721081949197
6	5	1	15	0	0	1456.3721081949197
7	9	0	79	0	0	1458.2531773233347
7	9	1	21	0	0	1458.2531773233347
9	2	0	81	0	0	1458.9682040021817
9	2	1	19	0	0	1458.9682040021817
13	11	0	79	0	0	1459.1763385922338
13	11	1	21	0	0	1459.1763385922338
7	3	0	72	0	0	1460.0515250763044
7	3	1	28	0	0	1460.0515250763044
5	8	0	83	0	0	1461.7588221030335
5	8	1	17	0	0	1461.7588221030335
3	11	0	79	0	0	1462.6551180217075
3	11	1	21	0	0	1462.6551180217075
5	3	0	78	0	0	1465.2465052123596
5	3	1	22	0	0	1465.2465052123596
4	1	0	76	0	0	1465.5551609175288
4	1	1	24	0	0	1465.5551609175288
8	5	0	88	0	0	1465.6359180361221
8	5	1	12	0	0	1465.6359180361221
9	10	0	85	0	0	1468.036740305004
9	10	1	15	0	0	1468.036740305004
14	7	0	81	0	0	1475.1954277208995
14	7	1	19	0	0	1475.1954277208995
9	12	0	86	0	0	1475.5208174510194
9	12	1	14	0	0	1475.5208174510194
9	8	0	84	0	0	1475.8889831936667
9	8	1	16	0	0	1475.8889831936667
4	5	0	75	0	0	1476.3210665940996
4	5	1	25	0	0	1476.3210665940996
2	9	0	70	0	0	1479.278900682608
2	9	1	30	0	0	1479.278900682608
11	14	0	83	0	0	1481.1494664647742
11	14	1	17	0	0	1481.1494664647742
1	13	0	78	0	0	1484.7113536105926
1	13	1	22	0	0	1484.7113536105926
14	12	0	86	0	0	1487.3829738747145
14	12	1	14	0	0	1487.3829738747145
1	5	0	81	0	0	1487.3921107369747
1	5	1	19	0	0	1487.3921107369747
8	9	0	76	0	0	1488.2417231850834
8	9	1	24	0	0	1488.2417231850834
7	10	0	80	0	0	1488.4654641410027
7	10	1	20	0	0	1488.4654641410027
9	4	0	81	0	0	1488.7778377532227
9	4	1	19	0	0	1488.7778377532227
6	10	0	76	0	0	1490.2127416017556
6	10	1	24	1	1	1490.2127416017556
4	13	0	83	0	0	1491.0252482157641
4	13	1	17	0	0	1491.0252482157641
8	7	0	80	0	0	1491.1183358166702
8	7	1	20	0	0	1491.1183358166702
1	2	0	78	0	0	1501.6318440846564
1	2	1	22	0	0	1501.6318440846564
10	13	0	85	0	0	1502.7269753114356
10	13	1	15	0	0	1502.7269753114356
10	2	0	81	0	0	1502.9383843319822
10	2	1	19	0	0	1502.9383843319822
1	11	0	77	0	0	1502.9624150509924
1	11	1	23	0	0	1502.9624150509924
13	1	0	88	0	0	1503.113600954271
13	1	1	12	0	0	1503.113600954271
1	8	0	86	0	0	1503.9380094007267
1	8	1	14	0	0	1503.9380094007267
5	7	0	78	0	0	1505.444749967333
5	7	1	22	0	0	1505.444749967333
9	11	0	78	0	0	1506.6932401704312
9	11	1	22	0	0	1506.6932401704312
1	6	0	83	0	0	1507.9359500062642
1	6	1	17	0	0	1507.9359500062642
11	4	0	75	0	0	1508.9417931587852
11	4	1	25	0	0	1508.9417931587852
11	13	0	81	0	0	1510.0740199289428
11	13	1	19	0	0	1510.0740199289428
2	4	0	84	0	0	1512.9430555158779
2	4	1	16	0	0	1512.9430555158779
12	8	0	77	0	0	1514.1277825932027
12	8	1	23	0	0	1514.1277825932027
11	3	0	86	0	0	1514.8632556047648
11	3	1	14	0	0	1514.8632556047648
10	5	0	80	0	0	1515.5906380779902
10	5	1	20	0	0	1515.5906380779902
14	13	0	83	0	0	1516.3320501753308
14	13	1	17	0	0	1516.3320501753308
8	6	0	78	0	0	1521.5634943150772
8	6	1	22	0	0	1521.5634943150772
10	6	0	83	0	0	1522.7875846412517
10	6	1	17	1	1	1522.7875846412517
6	3	0	78	0	0	1526.3494818120002
6	3	1	22	0	0	1526.3494818120002
12	11	0	77	0	0	1528.7395006907595
12	11	1	23	0	0	1528.7395006907595
1	9	0	83	0	0	1529.848288885076
1	9	1	17	0	0	1529.848288885076
10	3	0	86	0	0	1529.875128201307
10	3	1	14	0	0	1529.875128201307
4	6	0	83	0	0	1531.1477885623453
4	6	1	17	0	0	1531.1477885623453
10	14	0	73	0	0	1531.3286826601318
10	14	1	27	0	0	1531.3286826601318
13	2	0	76	0	0	1534.1041259128083
13	2	1	24	0	0	1534.1041259128083
4	11	0	81	0	0	1535.769481752293
4	11	1	19	0	0	1535.769481752293
1	12	0	84	0	0	1536.3214714729338
1	12	1	16	0	0	1536.3214714729338
13	12	0	82	0	0	1541.9755105023314
13	12	1	18	0	0	1541.9755105023314
3	7	0	77	0	0	1543.144506007849
3	7	1	23	0	0	1543.144506007849
5	11	0	85	0	0	1544.2580495979537
5	11	1	15	0	0	1544.2580495979537
3	4	0	81	0	0	1544.6864046334983
3	4	1	19	0	0	1544.6864046334983
6	4	0	87	0	0	1549.0939416819772
6	4	1	13	0	0	1549.0939416819772
3	5	0	79	0	0	1554.4711248011386
3	5	1	21	0	0	1554.4711248011386
2	10	0	74	0	0	1559.5586460704887
2	10	1	26	0	0	1559.5586460704887
14	11	0	83	0	0	1563.6764727970412
14	11	1	17	0	0	1563.6764727970412
2	8	0	82	0	0	1564.0784954365436
2	8	1	18	0	0	1564.0784954365436
5	13	0	82	0	0	1564.3720660205115
5	13	1	18	0	0	1564.3720660205115
8	3	0	77	0	0	1566.6758831482157
8	3	1	23	0	0	1566.6758831482157
6	8	0	87	0	0	1567.9962697551266
6	8	1	13	0	0	1567.9962697551266
12	10	0	79	0	0	1568.2087299480527
12	10	1	21	0	0	1568.2087299480527
10	8	0	72	0	0	1571.4586482097548
10	8	1	28	0	0	1571.4586482097548
9	6	0	83	0	0	1572.6818096707116
9	6	1	17	0	0	1572.6818096707116
3	13	0	71	0	0	1573.660032115279
3	13	1	29	0	0	1573.660032115279
8	14	0	87	0	0	1576.090510772269
8	14	1	13	0	0	1576.090510772269
2	7	0	88	0	0	1579.4673929992593
2	7	1	12	0	0	1579.4673929992593
6	7	0	82	0	0	1582.8061970159163
6	7	1	18	0	0	1582.8061970159163
8	12	0	76	0	0	1584.5974293841066
8	12	1	24	0	0	1584.5974293841066
3	10	0	78	0	0	1590.096335636856
3	10	1	22	0	0	1590.096335636856
5	4	0	79	0	0	1596.1678493423888
5	4	1	21	0	0	1596.1678493423888
4	12	0	79	0	0	1602.5546943915062
4	12	1	21	0	0	1602.5546943915062
4	3	0	79	0	0	1617.0192807433154
4	3	1	21	0	0	1617.0192807433154
12	1	0	88	0	0	1621.8319021326588
12	1	1	12	0	0	1621.8319021326588
2	11	0	76	0	0	1625.7380237322063
2	11	1	24	0	0	1625.7380237322063
9	13	0	81	0	0	1627.4915252552473
9	13	1	19	0	0	1627.4915252552473
4	9	0	79	0	0	1627.6107041935763
4	9	1	21	0	0	1627.6107041935763
12	13	0	79	0	0	1636.8554680241482
12	13	1	21	0	0	1636.8554680241482
10	1	0	79	0	0	1638.984167318197
10	1	1	21	0	0	1638.984167318197
11	12	0	76	0	0	1653.419218767786
11	12	1	24	0	0	1653.419218767786
11	9	0	75	0	0	1659.0540989685676
11	9	1	25	0	0	1659.0540989685676
12	6	0	83	0	0	1681.9497519604165
12	6	1	17	0	0	1681.9497519604165
11	10	0	81	0	0	1691.9635942879859
11	10	1	19	0	0	1691.9635942879859
5	10	0	76	0	0	1701.5612664135258
5	10	1	24	0	0	1701.5612664135258
7	12	0	85	0	0	1733.8641949304683
7	12	1	15	0	0	1733.8641949304683
1	7	0	79	0	0	1734.1503824803995
1	7	1	21	0	0	1734.1503824803995
4	8	0	76	0	0	1743.1156884081213
4	8	1	24	0	0	1743.1156884081213
6	1	0	73	0	0	1752.8227462940688
6	1	1	27	0	0	1752.8227462940688
12	3	0	76	0	0	1940.2572809422034
12	3	1	24	0	0	1940.2572809422034
5	1	0	80	0	0	1949.097166516006
5	1	1	20	0	0	1949.097166516006
3	12	0	84	0	0	1963.6742323308863
3	12	1	16	0	0	1963.6742323308863
6	13	0	80	0	0	1966.0090224735288
6	13	1	20	0	0	1966.0090224735288
1	3	0	85	0	0	1967.6730882239124
1	3	1	15	0	0	1967.6730882239124
2	13	0	73	0	0	1970.0148631097375
2	13	1	27	0	0	1970.0148631097375
13	7	0	80	0	0	1983.2575071838
13	7	1	20	0	0	1983.2575071838
3	6	0	76	0	0	1983.6498409455855
3	6	1	24	0	0	1983.6498409455855
8	4	0	77	0	0	1989.6964837584183
8	4	1	23	0	0	1989.6964837584183
1	4	0	78	0	0	2007.7160904489115
1	4	1	22	0	0	2007.7160904489115
3	8	0	81	0	0	2016.0414664704504
3	8	1	19	0	0	2016.0414664704504
12	7	0	70	0	0	2018.0492400094406
12	7	1	30	0	0	2018.0492400094406
11	7	0	84	0	0	2031.3051525429403
11	7	1	16	0	0	2031.3051525429403
14	8	0	75	0	0	2034.8089454883313
14	8	1	25	0	0	2034.8089454883313
6	11	0	81	0	0	2036.3803975100284
6	11	1	19	1	1	2036.3803975100284
9	7	0	81	0	0	2040.3801564827722
9	7	1	19	0	0	2040.3801564827722
12	14	0	81	0	0	2043.9308347175868
12	14	1	19	0	0	2043.9308347175868
10	12	0	81	0	0	2052.031718006911
10	12	1	19	0	0	2052.031718006911
11	8	0	82	0	0	2054.4537395266348
11	8	1	18	0	0	2054.4537395266348
10	7	0	82	0	0	2058.897575342524
10	7	1	18	0	0	2058.897575342524
11	1	0	84	0	0	2064.853921572656
11	1	1	16	0	0	2064.853921572656
7	5	0	78	0	0	2068.0986801909285
7	5	1	22	0	0	2068.0986801909285
9	5	0	78	0	0	2068.598436316592
9	5	1	22	0	0	2068.598436316592
14	2	0	79	0	0	2069.937602272588
14	2	1	21	0	0	2069.937602272588
6	12	0	76	0	0	2070.9934130482516
6	12	1	24	1	1	2070.9934130482516
13	9	0	80	0	0	2071.9448233679236
13	9	1	20	0	0	2071.9448233679236
14	10	0	85	0	0	2072.1320394303552
14	10	1	15	0	0	2072.1320394303552
11	6	0	82	0	0	2073.4565782951336
11	6	1	18	1	1	2073.4565782951336
14	5	0	82	0	0	2078.8206892275684
14	5	1	18	0	0	2078.8206892275684
10	11	0	76	0	0	2080.0892378347135
10	11	1	24	0	0	2080.0892378347135
2	3	0	74	0	0	2085.1352991707467
2	3	1	26	0	0	2085.1352991707467
4	14	0	82	0	0	2087.0506782240536
4	14	1	18	0	0	2087.0506782240536
7	1	0	76	0	0	2090.5311782097688
7	1	1	24	0	0	2090.5311782097688
5	12	0	85	0	0	2091.6064590408364
5	12	1	15	0	0	2091.6064590408364
10	9	0	84	0	0	2095.870920297796
10	9	1	16	0	0	2095.870920297796
1	6	0	77	0	0	2100.2711246622966
1	6	1	23	0	0	2100.2711246622966
4	7	0	90	0	0	2101.3510136833033
4	7	1	10	0	0	2101.3510136833033
12	5	0	82	0	0	2101.4173255307633
12	5	1	18	0	0	2101.4173255307633
9	1	0	80	0	0	2110.5827288191126
9	1	1	20	0	0	2110.5827288191126
13	3	0	76	0	0	2111.2270913548164
13	3	1	24	0	0	2111.2270913548164
3	1	0	78	0	0	2111.389614424211
3	1	1	22	0	0	2111.389614424211
7	6	0	84	0	0	2113.8304046052635
7	6	1	16	0	0	2113.8304046052635
8	11	0	79	0	0	2114.369269207029
8	11	1	21	0	0	2114.369269207029
5	14	0	82	0	0	2117.981580835544
5	14	1	18	0	0	2117.981580835544
5	2	0	78	0	0	2118.9769878641696
5	2	1	22	0	0	2118.9769878641696
5	9	0	81	0	0	2120.0377786425975
5	9	1	19	0	0	2120.0377786425975
13	14	0	76	0	0	2122.0621559984006
13	14	1	24	0	0	2122.0621559984006
14	6	0	78	0	0	2124.228536438048
14	6	1	22	0	0	2124.228536438048
11	13	0	82	0	0	2124.8430779955024
11	13	1	18	0	0	2124.8430779955024
3	14	0	84	0	0	2125.247645623575
3	14	1	16	0	0	2125.247645623575
2	6	0	76	0	0	2126.499276871523
2	6	1	24	0	0	2126.499276871523
7	14	0	79	0	0	2128.2904548746383
7	14	1	21	0	0	2128.2904548746383
13	5	0	78	0	0	2131.4331669011835
13	5	1	22	0	0	2131.4331669011835
7	4	0	78	0	0	2132.1324432256283
7	4	1	22	0	0	2132.1324432256283
2	5	0	85	0	0	2133.651063163702
2	5	1	15	0	0	2133.651063163702
2	12	0	75	0	0	2134.5449511962092
2	12	1	25	0	0	2134.5449511962092
7	11	0	80	0	0	2135.2443685361704
7	11	1	20	0	0	2135.2443685361704
12	10	0	83	0	0	2135.9976442294646
12	10	1	17	0	0	2135.9976442294646
4	2	0	80	0	0	2137.7234466452487
4	2	1	20	0	0	2137.7234466452487
4	1	0	84	0	0	2139.6932058408483
4	1	1	16	0	0	2139.6932058408483
8	13	0	73	0	0	2141.6063600730013
8	13	1	27	0	0	2141.6063600730013
12	9	0	83	0	0	2147.155211392741
12	9	1	17	0	0	2147.155211392741
11	2	0	76	0	0	2147.202139857233
11	2	1	24	0	0	2147.202139857233
11	14	0	72	0	0	2148.037670942242
11	14	1	28	0	0	2148.037670942242
13	11	0	75	0	0	2150.455573975623
13	11	1	25	0	0	2150.455573975623
6	7	0	75	0	0	2150.7578559079348
6	7	1	25	0	0	2150.7578559079348
4	10	0	74	0	0	2151.2351510503872
4	10	1	26	0	0	2151.2351510503872
5	6	0	83	0	0	2153.131703776288
5	6	1	17	0	0	2153.131703776288
6	9	0	77	0	0	2153.5764684122064
6	9	1	23	0	0	2153.5764684122064
13	10	0	79	0	0	2156.7392112697753
13	10	1	21	0	0	2156.7392112697753
9	10	0	75	0	0	2159.3038027771913
9	10	1	25	0	0	2159.3038027771913
10	4	0	86	0	0	2161.6060274512784
10	4	1	14	0	0	2161.6060274512784
12	8	0	80	0	0	2162.372822039781
12	8	1	20	0	0	2162.372822039781
8	10	0	79	0	0	2162.731786666852
8	10	1	21	0	0	2162.731786666852
1	14	0	87	0	0	2163.2026786374972
1	14	1	13	0	0	2163.2026786374972
6	2	0	74	0	0	2167.1486334516635
6	2	1	26	0	0	2167.1486334516635
7	9	0	74	0	0	2167.2460963115377
7	9	1	26	0	0	2167.2460963115377
14	3	0	75	0	0	2167.2838644967596
14	3	1	25	0	0	2167.2838644967596
5	8	0	77	0	0	2169.8605431827855
5	8	1	23	0	0	2169.8605431827855
8	7	0	80	0	0	2170.746781475526
8	7	1	20	0	0	2170.746781475526
8	5	0	76	0	0	2173.1001561243224
8	5	1	24	0	0	2173.1001561243224
13	4	0	82	0	0	2176.5943484848112
13	4	1	18	0	0	2176.5943484848112
7	3	0	78	0	0	2176.778331453497
7	3	1	22	0	0	2176.778331453497
14	9	0	84	0	0	2184.4242564274164
14	9	1	16	0	0	2184.4242564274164
6	8	0	78	0	0	2185.15036012821
6	8	1	22	0	0	2185.15036012821
5	3	0	84	0	0	2185.8576270539957
5	3	1	16	0	0	2185.8576270539957
13	8	0	78	0	0	2186.3072939435706
13	8	1	22	0	0	2186.3072939435706
2	1	0	81	0	0	2186.61180357908
2	1	1	19	0	0	2186.61180357908
2	4	0	82	0	0	2191.5015158753577
2	4	1	18	0	0	2191.5015158753577
10	2	0	81	0	0	2192.8293846688744
10	2	1	19	0	0	2192.8293846688744
3	7	0	79	0	0	2196.1646028624236
3	7	1	21	0	0	2196.1646028624236
9	11	0	77	0	0	2197.944822374103
9	11	1	23	0	0	2197.944822374103
2	14	0	82	0	0	2201.2051441532076
2	14	1	18	0	0	2201.2051441532076
14	4	0	82	0	0	2201.3407355477216
14	4	1	18	0	0	2201.3407355477216
14	1	0	76	0	0	2202.3693507265634
14	1	1	24	0	0	2202.3693507265634
6	5	0	79	0	0	2206.250992631365
6	5	1	21	0	0	2206.250992631365
13	2	0	75	0	0	2208.4704912654965
13	2	1	25	0	0	2208.4704912654965
3	13	0	83	0	0	2209.8126419835908
3	13	1	17	0	0	2209.8126419835908
2	10	0	82	0	0	2210.2582659482196
2	10	1	18	0	0	2210.2582659482196
8	2	0	77	0	0	2212.692560111638
8	2	1	23	0	0	2212.692560111638
5	7	0	86	0	0	2213.118994837345
5	7	1	14	0	0	2213.118994837345
1	12	0	80	0	0	2215.396205292333
1	12	1	20	0	0	2215.396205292333
13	1	0	84	0	0	2217.3825414217417
13	1	1	16	0	0	2217.3825414217417
10	8	0	81	0	0	2220.5565742042304
10	8	1	19	0	0	2220.5565742042304
11	4	0	73	0	0	2222.7835510291293
11	4	1	27	0	0	2222.7835510291293
2	9	0	80	0	0	2225.501836822889
2	9	1	20	0	0	2225.501836822889
5	11	0	75	0	0	2226.348710669578
5	11	1	25	0	0	2226.348710669578
6	14	0	79	0	0	2226.7161079783623
6	14	1	21	0	0	2226.7161079783623
6	10	0	74	0	0	2228.811717823944
6	10	1	26	0	0	2228.811717823944
14	7	0	84	0	0	2229.908621760763
14	7	1	16	0	0	2229.908621760763
3	5	0	78	0	0	2230.470118422219
3	5	1	22	0	0	2230.470118422219
13	6	0	85	0	0	2230.55333027489
13	6	1	15	0	0	2230.55333027489
10	5	0	79	0	0	2230.5876859115297
10	5	1	21	0	0	2230.5876859115297
14	12	0	80	0	0	2232.6553885467297
14	12	1	20	0	0	2232.6553885467297
1	9	0	73	0	0	2233.9166465677
1	9	1	27	0	0	2233.9166465677
1	11	0	83	0	0	2237.6070217050233
1	11	1	17	0	0	2237.6070217050233
1	2	0	80	0	0	2244.0826351536607
1	2	1	20	0	0	2244.0826351536607
14	13	0	75	0	0	2244.9066326441425
14	13	1	25	0	0	2244.9066326441425
1	13	0	82	0	0	2245.8859121303403
1	13	1	18	0	0	2245.8859121303403
9	8	0	79	0	0	2246.741154269208
9	8	1	21	0	0	2246.741154269208
2	8	0	89	0	0	2248.0776132758097
2	8	1	11	0	0	2248.0776132758097
9	14	0	87	0	0	2249.326885098581
9	14	1	13	0	0	2249.326885098581
7	13	0	86	0	0	2249.5263104508213
7	13	1	14	0	0	2249.5263104508213
2	7	0	72	0	0	2251.0989380596848
2	7	1	28	0	0	2251.0989380596848
4	6	0	78	0	0	2251.3235869738214
4	6	1	22	0	0	2251.3235869738214
11	3	0	82	0	0	2252.063568991554
11	3	1	18	0	0	2252.063568991554
9	12	0	80	0	0	2252.1373545753345
9	12	1	20	0	0	2252.1373545753345
13	12	0	78	0	0	2252.9847991401525
13	12	1	22	0	0	2252.9847991401525
10	14	0	69	0	0	2255.82988237009
10	14	1	31	2	2	2255.82988237009
11	9	0	86	0	0	2257.445399606267
11	9	1	14	0	0	2257.445399606267
11	5	0	80	0	0	2258.44040911285
11	5	1	20	0	0	2258.44040911285
12	11	0	82	0	0	2258.981819119092
12	11	1	18	0	0	2258.981819119092
9	2	0	81	0	0	2259.4711431071714
9	2	1	19	0	0	2259.4711431071714
3	9	0	79	0	0	2260.341881543743
3	9	1	21	0	0	2260.341881543743
7	2	0	81	0	0	2265.3189062007955
7	2	1	19	0	0	2265.3189062007955
8	14	0	80	0	0	2266.687601754115
8	14	1	20	0	0	2266.687601754115
3	2	0	85	0	0	2267.701525629627
3	2	1	15	0	0	2267.701525629627
4	12	0	80	0	0	2271.6744646415177
4	12	1	20	0	0	2271.6744646415177
8	6	0	81	0	0	2273.444691811676
8	6	1	19	0	0	2273.444691811676
5	13	0	85	0	0	2276.0014112223175
5	13	1	15	0	0	2276.0014112223175
5	4	0	77	0	0	2278.6294520526885
5	4	1	23	0	0	2278.6294520526885
10	13	0	81	0	0	2279.7527376693024
10	13	1	19	0	0	2279.7527376693024
1	5	0	83	0	0	2281.6066698345694
1	5	1	17	0	0	2281.6066698345694
8	9	0	78	0	0	2282.2379350665274
8	9	1	22	0	0	2282.2379350665274
12	2	0	82	0	0	2284.241007652148
12	2	1	18	0	0	2284.241007652148
4	11	0	87	0	0	2287.576277882423
4	11	1	13	0	0	2287.576277882423
8	1	0	84	0	0	2288.1095073037873
8	1	1	16	0	0	2288.1095073037873
3	10	0	75	0	0	2288.450114722369
3	10	1	25	0	0	2288.450114722369
10	6	0	78	0	0	2291.4052913237692
10	6	1	22	0	0	2291.4052913237692
14	11	0	77	0	0	2292.119334022772
14	11	1	23	0	0	2292.119334022772
9	4	0	83	0	0	2292.3679094075405
9	4	1	17	0	0	2292.3679094075405
6	3	0	79	0	0	2292.552505757935
6	3	1	21	0	0	2292.552505757935
7	10	0	74	0	0	2297.7463566179554
7	10	1	26	0	0	2297.7463566179554
4	5	0	85	0	0	2306.8086007706347
4	5	1	15	0	0	2306.8086007706347
10	3	0	82	0	0	2307.0408564307404
10	3	1	18	0	0	2307.0408564307404
1	8	0	79	0	0	2307.8685892638964
1	8	1	21	0	0	2307.8685892638964
1	10	0	83	0	0	2308.134057765094
1	10	1	17	0	0	2308.134057765094
6	4	0	80	0	0	2308.7152949253173
6	4	1	20	0	0	2308.7152949253173
7	8	0	80	0	0	2312.2076955318
7	8	1	20	0	0	2312.2076955318
3	11	0	88	0	0	2314.7938055548448
3	11	1	12	0	0	2314.7938055548448
12	4	0	81	0	0	2316.4293666779377
12	4	1	19	0	0	2316.4293666779377
9	6	0	84	0	0	2318.06623417862
9	6	1	16	0	0	2318.06623417862
4	3	0	77	0	0	2321.6177377096824
4	3	1	23	0	0	2321.6177377096824
4	13	0	82	0	0	2323.076126799471
4	13	1	18	0	0	2323.076126799471
12	6	0	77	0	0	2328.0405879944624
12	6	1	23	0	0	2328.0405879944624
3	4	0	78	0	0	2328.2410371744027
3	4	1	22	0	0	2328.2410371744027
9	13	0	77	0	0	2332.1935014426276
9	13	1	23	0	0	2332.1935014426276
2	11	0	82	0	0	2335.1686321335683
2	11	1	18	1	1	2335.1686321335683
9	3	0	77	0	0	2338.403706189754
9	3	1	23	0	0	2338.403706189754
8	3	0	77	0	0	2343.87062511268
8	3	1	23	0	0	2343.87062511268
4	9	0	79	0	0	2366.897678255767
4	9	1	21	0	0	2366.897678255767
8	12	0	80	0	0	2388.7568764768266
8	12	1	20	0	0	2388.7568764768266
11	10	0	87	0	0	2420.070451202211
11	10	1	13	0	0	2420.070451202211
11	12	0	86	0	0	2439.2977184040774
11	12	1	14	0	0	2439.2977184040774
7	12	0	79	0	0	2442.246814560602
7	12	1	21	0	0	2442.246814560602
12	1	0	87	0	0	2460.9079907527544
12	1	1	13	0	0	2460.9079907527544
10	1	0	82	0	0	2464.7785233040513
10	1	1	18	0	0	2464.7785233040513
1	7	0	74	0	0	2466.1116094388144
1	7	1	26	0	0	2466.1116094388144
12	13	0	85	0	0	2484.6677925451563
12	13	1	15	0	0	2484.6677925451563
5	1	0	76	0	0	2540.1182552584014
5	1	1	24	0	0	2540.1182552584014
5	10	0	84	0	0	2549.1504070154506
5	10	1	16	0	0	2549.1504070154506
6	1	0	78	0	0	2580.1325115176282
6	1	1	22	0	0	2580.1325115176282
6	13	0	81	0	0	2590.522750709798
6	13	1	19	0	0	2590.522750709798
4	8	0	84	0	0	2604.316786151892
4	8	1	16	0	0	2604.316786151892
1	4	0	74	0	0	2637.2400930347508
1	4	1	26	0	0	2637.2400930347508
12	3	0	78	0	0	2660.0090447260177
12	3	1	22	0	0	2660.0090447260177
9	1	0	84	0	0	2667.8097020264195
9	1	1	16	0	0	2667.8097020264195
1	3	0	79	0	0	2668.4710575163467
1	3	1	21	0	0	2668.4710575163467
14	2	0	79	0	0	2674.384313730247
14	2	1	21	0	0	2674.384313730247
3	6	0	83	0	0	2682.3435619936363
3	6	1	17	0	0	2682.3435619936363
13	14	0	76	0	0	2691.9981548121777
13	14	1	24	0	0	2691.9981548121777
7	1	0	71	0	0	2707.424037536179
7	1	1	29	0	0	2707.424037536179
11	6	0	80	0	0	2710.9125387484846
11	6	1	20	0	0	2710.9125387484846
6	11	0	80	0	0	2712.7628447890515
6	11	1	20	1	1	2712.7628447890515
7	5	0	76	0	0	2721.7575858565356
7	5	1	24	0	0	2721.7575858565356
8	4	0	78	0	0	2722.2120513086015
8	4	1	22	0	0	2722.2120513086015
2	13	0	74	0	0	2722.5246076871526
2	13	1	26	0	0	2722.5246076871526
12	7	0	74	0	0	2735.4174945497184
12	7	1	26	0	0	2735.4174945497184
10	4	0	88	0	0	2736.1296342962373
10	4	1	12	0	0	2736.1296342962373
3	12	0	80	0	0	2746.71173770608
3	12	1	20	0	0	2746.71173770608
11	1	0	80	0	0	2747.2628095933997
11	1	1	20	0	0	2747.2628095933997
13	10	0	77	0	0	2753.6054248042074
13	10	1	23	0	0	2753.6054248042074
10	12	0	81	0	0	2754.3667231440663
10	12	1	19	0	0	2754.3667231440663
8	7	0	85	0	0	2755.5010511716573
8	7	1	15	0	0	2755.5010511716573
10	7	0	78	0	0	2759.698474565501
10	7	1	22	0	0	2759.698474565501
6	7	0	82	0	0	2760.197870590597
6	7	1	18	0	0	2760.197870590597
2	3	0	78	0	0	2761.6287342917954
2	3	1	22	0	0	2761.6287342917954
2	9	0	79	0	0	2770.3134264876253
2	9	1	21	0	0	2770.3134264876253
14	8	0	78	0	0	2770.5469579214046
14	8	1	22	0	0	2770.5469579214046
5	8	0	78	0	0	2772.7861919277593
5	8	1	22	0	0	2772.7861919277593
11	8	0	83	0	0	2775.5191825151833
11	8	1	17	0	0	2775.5191825151833
5	2	0	79	0	0	2781.4411744179115
5	2	1	21	0	0	2781.4411744179115
4	7	0	80	0	0	2781.953595966852
4	7	1	20	0	0	2781.953595966852
4	2	0	82	0	0	2782.610825046382
4	2	1	18	0	0	2782.610825046382
7	6	0	81	0	0	2784.186432035233
7	6	1	19	0	0	2784.186432035233
3	1	0	78	0	0	2787.55574034295
3	1	1	22	0	0	2787.55574034295
3	8	0	72	0	0	2791.379300284909
3	8	1	28	0	0	2791.379300284909
2	6	0	79	0	0	2795.2539985190438
2	6	1	21	0	0	2795.2539985190438
9	7	0	77	0	0	2796.665567713346
9	7	1	23	0	0	2796.665567713346
1	6	0	79	0	0	2799.6942812655952
1	6	1	21	0	0	2799.6942812655952
9	2	0	75	0	0	2809.8904696733475
9	2	1	25	0	0	2809.8904696733475
7	11	0	84	0	0	2811.537710656851
7	11	1	16	0	0	2811.537710656851
5	12	0	83	0	0	2820.5439520027767
5	12	1	17	0	0	2820.5439520027767
12	5	0	80	0	0	2824.05294867074
12	5	1	20	0	0	2824.05294867074
13	5	0	77	0	0	2824.673875162075
13	5	1	23	0	0	2824.673875162075
11	7	0	82	0	0	2826.6896906352754
11	7	1	18	0	0	2826.6896906352754
11	2	0	71	0	0	2830.4595418510708
11	2	1	29	0	0	2830.4595418510708
2	5	0	75	0	0	2830.5834976785623
2	5	1	25	0	0	2830.5834976785623
4	1	0	82	0	0	2830.714366651722
4	1	1	18	0	0	2830.714366651722
13	7	0	82	0	0	2833.5830755100333
13	7	1	18	0	0	2833.5830755100333
14	10	0	83	0	0	2836.012117023085
14	10	1	17	0	0	2836.012117023085
13	9	0	76	0	0	2842.5960170199396
13	9	1	24	0	0	2842.5960170199396
6	12	0	88	0	0	2843.2784274296478
6	12	1	12	0	0	2843.2784274296478
1	14	0	77	0	0	2844.877964340516
1	14	1	23	0	0	2844.877964340516
6	2	0	79	0	0	2850.2702821031266
6	2	1	21	0	0	2850.2702821031266
12	14	0	85	0	0	2851.5375239409163
12	14	1	15	0	0	2851.5375239409163
9	5	0	79	0	0	2852.1872139014563
9	5	1	21	0	0	2852.1872139014563
4	14	0	78	0	0	2852.5231044517354
4	14	1	22	0	0	2852.5231044517354
1	11	0	76	0	0	2852.744758901815
1	11	1	24	0	0	2852.744758901815
14	3	0	82	0	0	2857.528884850738
14	3	1	18	0	0	2857.528884850738
2	4	0	77	0	0	2861.5494538876187
2	4	1	23	0	0	2861.5494538876187
2	10	0	76	0	0	2861.628719464698
2	10	1	24	0	0	2861.628719464698
7	4	0	81	0	0	2862.0103319111395
7	4	1	19	0	0	2862.0103319111395
3	13	0	69	0	0	2863.5691851358315
3	13	1	31	0	0	2863.5691851358315
6	9	0	81	0	0	2864.693923779494
6	9	1	19	0	0	2864.693923779494
14	12	0	86	0	0	2872.4658674684165
14	12	1	14	0	0	2872.4658674684165
8	11	0	79	0	0	2877.016293135678
8	11	1	21	0	0	2877.016293135678
14	6	0	80	0	0	2877.862178996924
14	6	1	20	0	0	2877.862178996924
10	5	0	77	0	0	2884.3109420369924
10	5	1	23	0	0	2884.3109420369924
13	2	0	82	0	0	2887.533099492385
13	2	1	18	0	0	2887.533099492385
12	10	0	81	0	0	2889.116898260297
12	10	1	19	0	0	2889.116898260297
4	10	0	82	0	0	2890.477812592925
4	10	1	18	0	0	2890.477812592925
8	13	0	81	0	0	2891.792380300471
8	13	1	19	0	0	2891.792380300471
14	5	0	79	0	0	2892.24585684016
14	5	1	21	0	0	2892.24585684016
2	8	0	86	0	0	2894.858064004744
2	8	1	14	0	0	2894.858064004744
10	11	0	75	0	0	2895.620884610471
10	11	1	25	0	0	2895.620884610471
5	9	0	83	0	0	2896.888505876317
5	9	1	17	0	0	2896.888505876317
7	14	0	82	0	0	2897.5428416628333
7	14	1	18	0	0	2897.5428416628333
7	3	0	89	0	0	2897.723724626653
7	3	1	11	0	0	2897.723724626653
5	7	0	73	0	0	2897.7346163609354
5	7	1	27	0	0	2897.7346163609354
13	11	0	69	0	0	2897.831091907802
13	11	1	31	0	0	2897.831091907802
9	8	0	77	0	0	2898.598653650416
9	8	1	23	0	0	2898.598653650416
6	5	0	79	0	0	2899.164281596885
6	5	1	21	0	0	2899.164281596885
12	9	0	77	0	0	2901.046809305021
12	9	1	23	0	0	2901.046809305021
12	8	0	83	0	0	2905.883377081112
12	8	1	17	0	0	2905.883377081112
2	12	0	74	0	0	2909.763487441419
2	12	1	26	0	0	2909.763487441419
9	11	0	74	0	0	2913.563094428771
9	11	1	26	0	0	2913.563094428771
5	14	0	77	0	0	2915.2071140514054
5	14	1	23	0	0	2915.2071140514054
4	5	0	74	0	0	2915.498616926753
4	5	1	26	0	0	2915.498616926753
10	9	0	80	0	0	2915.765431462338
10	9	1	20	0	0	2915.765431462338
11	3	0	80	0	0	2916.18647589692
11	3	1	20	0	0	2916.18647589692
6	8	0	84	0	0	2918.3299396584603
6	8	1	16	0	0	2918.3299396584603
1	5	0	84	0	0	2920.75007148892
1	5	1	16	0	0	2920.75007148892
3	9	0	81	0	0	2923.231336037857
3	9	1	19	0	0	2923.231336037857
4	6	0	82	0	0	2923.8312795135657
4	6	1	18	0	0	2923.8312795135657
10	8	0	76	0	0	2925.2098819299426
10	8	1	24	0	0	2925.2098819299426
3	14	0	70	0	0	2926.3559764866773
3	14	1	30	0	0	2926.3559764866773
5	6	0	77	0	0	2929.894501979238
5	6	1	23	0	0	2929.894501979238
9	4	0	77	0	0	2931.763504682657
9	4	1	23	0	0	2931.763504682657
1	12	0	83	0	0	2932.2853032339754
1	12	1	17	0	0	2932.2853032339754
14	1	0	76	0	0	2932.6183562430974
14	1	1	24	0	0	2932.6183562430974
13	4	0	84	0	0	2937.038546239416
13	4	1	16	0	0	2937.038546239416
2	14	0	78	0	0	2937.5608286100537
2	14	1	22	0	0	2937.5608286100537
14	4	0	79	0	0	2938.1342520977505
14	4	1	21	0	0	2938.1342520977505
3	5	0	83	0	0	2938.989841968109
3	5	1	17	0	0	2938.989841968109
9	10	0	75	0	0	2939.4761689464412
9	10	1	25	0	0	2939.4761689464412
13	6	0	79	0	0	2939.5344425817775
13	6	1	21	0	0	2939.5344425817775
8	10	0	79	0	0	2939.683409231656
8	10	1	21	0	0	2939.683409231656
1	10	0	89	0	0	2941.4089053342723
1	10	1	11	0	0	2941.4089053342723
13	8	0	80	0	0	2943.4803563990886
13	8	1	20	0	0	2943.4803563990886
8	2	0	82	0	0	2949.745256304778
8	2	1	18	0	0	2949.745256304778
5	4	0	81	0	0	2951.9129492381385
5	4	1	19	0	0	2951.9129492381385
11	9	0	79	0	0	2951.953615305248
11	9	1	21	0	0	2951.953615305248
14	11	0	81	0	0	2956.12102868847
14	11	1	19	0	0	2956.12102868847
1	13	0	78	0	0	2957.283713802422
1	13	1	22	0	0	2957.283713802422
3	7	0	80	0	0	2960.751373802106
3	7	1	20	0	0	2960.751373802106
13	3	0	84	0	0	2961.4078829992973
13	3	1	16	0	0	2961.4078829992973
2	7	0	76	0	0	2965.637645824691
2	7	1	24	0	0	2965.637645824691
3	4	0	77	0	0	2966.026821936025
3	4	1	23	0	0	2966.026821936025
11	5	0	79	0	0	2966.422261379149
11	5	1	21	0	0	2966.422261379149
6	10	0	82	0	0	2971.72902661757
6	10	1	18	0	0	2971.72902661757
11	14	0	83	0	0	2972.616808520992
11	14	1	17	0	0	2972.616808520992
5	11	0	72	0	0	2977.064559337602
5	11	1	28	0	0	2977.064559337602
8	6	0	79	0	0	2977.1539550420484
8	6	1	21	0	0	2977.1539550420484
14	13	0	78	0	0	2983.5970126347365
14	13	1	22	0	0	2983.5970126347365
5	3	0	82	0	0	2987.645358509005
5	3	1	18	0	0	2987.645358509005
11	4	0	83	0	0	2992.164229080016
11	4	1	17	0	0	2992.164229080016
10	3	0	76	0	0	2995.643763616546
10	3	1	24	0	0	2995.643763616546
1	9	0	83	0	0	2995.6672305276147
1	9	1	17	0	0	2995.6672305276147
12	6	0	84	0	0	3000.6390412787227
12	6	1	16	0	0	3000.6390412787227
9	14	0	77	0	0	3001.1835101254733
9	14	1	23	0	0	3001.1835101254733
2	1	0	76	0	0	3002.8276219083946
2	1	1	24	0	0	3002.8276219083946
7	10	0	83	0	0	3009.4223777761135
7	10	1	17	0	0	3009.4223777761135
7	9	0	83	0	0	3010.319526783767
7	9	1	17	0	0	3010.319526783767
11	13	0	74	0	0	3011.527690739779
11	13	1	26	0	0	3011.527690739779
1	2	0	82	0	0	3013.4699463422494
1	2	1	18	0	0	3013.4699463422494
4	11	0	76	0	0	3014.3595439547075
4	11	1	24	0	0	3014.3595439547075
9	12	0	76	0	0	3015.4241708202294
9	12	1	24	0	0	3015.4241708202294
6	14	0	80	0	0	3016.4608228283614
6	14	1	20	0	0	3016.4608228283614
10	14	0	85	0	0	3019.640398444919
10	14	1	15	0	0	3019.640398444919
14	7	0	79	0	0	3024.3990053901834
14	7	1	21	0	0	3024.3990053901834
7	2	0	80	0	0	3029.447111760569
7	2	1	20	0	0	3029.447111760569
1	8	0	81	0	0	3030.0097596615187
1	8	1	19	0	0	3030.0097596615187
10	13	0	78	0	0	3032.205069885596
10	13	1	22	0	0	3032.205069885596
4	12	0	78	0	0	3034.162028181225
4	12	1	22	0	0	3034.162028181225
12	11	0	84	0	0	3035.23452863694
12	11	1	16	0	0	3035.23452863694
12	4	0	82	0	0	3035.315509984834
12	4	1	18	0	0	3035.315509984834
10	6	0	80	0	0	3038.658040012014
10	6	1	20	0	0	3038.658040012014
8	12	0	82	0	0	3038.7687738594086
8	12	1	18	0	0	3038.7687738594086
3	2	0	81	0	0	3041.5356593387733
3	2	1	19	0	0	3041.5356593387733
8	9	0	79	0	0	3043.2294696252716
8	9	1	21	0	0	3043.2294696252716
13	1	0	81	0	0	3045.092692888126
13	1	1	19	0	0	3045.092692888126
9	13	0	80	0	0	3046.4591597705567
9	13	1	20	0	0	3046.4591597705567
6	4	0	89	0	0	3047.2820967016714
6	4	1	11	0	0	3047.2820967016714
9	6	0	79	0	0	3049.070671442912
9	6	1	21	0	0	3049.070671442912
8	5	0	82	0	0	3049.151842609501
8	5	1	18	1	1	3049.151842609501
10	2	0	77	0	0	3049.393375433239
10	2	1	23	0	0	3049.393375433239
2	11	0	88	0	0	3058.4451175364716
2	11	1	12	0	0	3058.4451175364716
14	9	0	72	0	0	3062.36006464173
14	9	1	28	0	0	3062.36006464173
5	13	0	81	0	0	3073.197987868666
5	13	1	19	0	0	3073.197987868666
12	1	0	84	0	0	3075.341700524179
12	1	1	16	0	0	3075.341700524179
8	3	0	75	0	0	3078.958915603211
8	3	1	25	0	0	3078.958915603211
7	8	0	79	0	0	3079.2933781226407
7	8	1	21	0	0	3079.2933781226407
9	3	0	84	0	0	3084.329083803623
9	3	1	16	0	0	3084.329083803623
7	13	0	78	0	0	3091.965924009265
7	13	1	22	0	0	3091.965924009265
8	1	0	80	0	0	3099.644336835219
8	1	1	20	0	0	3099.644336835219
3	10	0	79	0	0	3101.8918565397194
3	10	1	21	0	0	3101.8918565397194
13	12	0	80	0	0	3106.5595529210614
13	12	1	20	0	0	3106.5595529210614
4	9	0	81	0	0	3120.376597160109
4	9	1	19	0	0	3120.376597160109
8	14	0	75	0	0	3121.6880673297
8	14	1	25	0	0	3121.6880673297
6	3	0	82	0	0	3122.5981367251493
6	3	1	18	0	0	3122.5981367251493
11	10	0	82	0	0	3131.3801565094686
11	10	1	18	0	0	3131.3801565094686
12	2	0	85	0	0	3147.172163709043
12	2	1	15	0	0	3147.172163709043
4	3	0	86	0	0	3171.180198582167
4	3	1	14	0	0	3171.180198582167
11	12	0	76	0	0	3178.5779722612156
11	12	1	24	0	0	3178.5779722612156
3	11	0	79	0	0	3180.2846141537525
3	11	1	21	0	0	3180.2846141537525
7	12	0	84	0	0	3192.8169203335183
7	12	1	16	0	0	3192.8169203335183
10	1	0	80	0	0	3193.4075336370242
10	1	1	20	0	0	3193.4075336370242
12	13	0	81	0	0	3204.6149159591273
12	13	1	19	0	0	3204.6149159591273
5	10	0	76	0	0	3228.405183850206
5	10	1	24	0	0	3228.405183850206
4	8	0	78	0	0	3236.144481646647
4	8	1	22	0	0	3236.144481646647
4	13	0	80	0	0	3239.2437423994097
4	13	1	20	0	0	3239.2437423994097
9	1	0	78	0	0	3244.9866051989993
9	1	1	22	0	0	3244.9866051989993
1	7	0	80	0	0	3246.3424246872405
1	7	1	20	0	0	3246.3424246872405
14	2	0	83	0	0	3273.6236059685016
14	2	1	17	0	0	3273.6236059685016
6	13	0	84	0	0	3281.8181985383662
6	13	1	16	0	0	3281.8181985383662
6	1	0	84	0	0	3316.9167492843517
6	1	1	16	0	0	3316.9167492843517
1	3	0	80	0	0	3329.4654962739155
1	3	1	20	0	0	3329.4654962739155
6	11	0	77	0	0	3342.9086021605153
6	11	1	23	0	0	3342.9086021605153
5	1	0	76	0	0	3367.6290766316124
5	1	1	24	0	0	3367.6290766316124
12	3	0	84	0	0	3373.228167289936
12	3	1	16	0	0	3373.228167289936
1	4	0	83	0	0	3375.215887255817
1	4	1	17	0	0	3375.215887255817
13	14	0	80	0	0	3380.2735177896225
13	14	1	20	0	0	3380.2735177896225
3	12	0	80	0	0	3399.393464217236
3	12	1	20	0	0	3399.393464217236
2	13	0	79	0	0	3415.6558023534976
2	13	1	21	0	0	3415.6558023534976
3	6	0	83	0	0	3420.1774000580053
3	6	1	17	0	0	3420.1774000580053
2	3	0	72	0	0	3423.790929714991
2	3	1	28	0	0	3423.790929714991
11	6	0	77	0	0	3439.817542775317
11	6	1	23	0	0	3439.817542775317
13	7	0	85	0	0	3443.5054119421507
13	7	1	15	0	0	3443.5054119421507
11	8	0	80	0	0	3450.1180469543447
11	8	1	20	0	0	3450.1180469543447
12	14	0	79	0	0	3454.628899500022
12	14	1	21	0	0	3454.628899500022
10	12	0	82	0	0	3457.148767235341
10	12	1	18	0	0	3457.148767235341
10	4	0	77	0	0	3460.309131192638
10	4	1	23	0	0	3460.309131192638
10	7	0	91	0	0	3462.3383265877237
10	7	1	9	0	0	3462.3383265877237
13	9	0	82	0	0	3469.2655363794015
13	9	1	18	0	0	3469.2655363794015
2	6	0	83	0	0	3475.519207449363
2	6	1	17	0	0	3475.519207449363
5	12	0	78	0	0	3487.3842139089793
5	12	1	22	0	0	3487.3842139089793
12	7	0	81	0	0	3490.206743068449
12	7	1	19	0	0	3490.206743068449
5	8	0	81	0	0	3494.099925625563
5	8	1	19	0	0	3494.099925625563
1	14	0	84	0	0	3494.533108063324
1	14	1	16	0	0	3494.533108063324
4	2	0	80	0	0	3497.0207407099324
4	2	1	20	0	0	3497.0207407099324
3	1	0	80	0	0	3497.6348584203593
3	1	1	20	0	0	3497.6348584203593
6	7	0	80	0	0	3498.20057407158
6	7	1	20	0	0	3498.20057407158
2	9	0	74	0	0	3508.8855787877856
2	9	1	26	0	0	3508.8855787877856
14	6	0	71	0	0	3510.9123398577944
14	6	1	29	0	0	3510.9123398577944
7	14	0	84	0	0	3516.6649204114747
7	14	1	16	0	0	3516.6649204114747
7	5	0	69	0	0	3517.5704408225843
7	5	1	31	0	0	3517.5704408225843
11	7	0	79	0	0	3518.004252754078
11	7	1	21	0	0	3518.004252754078
8	11	0	82	0	0	3521.856809345937
8	11	1	18	0	0	3521.856809345937
7	4	0	77	0	0	3522.011833274669
7	4	1	23	0	0	3522.011833274669
7	1	0	78	0	0	3524.7446751263537
7	1	1	22	0	0	3524.7446751263537
6	5	0	83	0	0	3526.274734219487
6	5	1	17	0	0	3526.274734219487
11	1	0	83	0	0	3537.984780969373
11	1	1	17	0	0	3537.984780969373
8	7	0	82	0	0	3538.117664371317
8	7	1	18	0	0	3538.117664371317
4	7	0	79	0	0	3540.521692541713
4	7	1	21	0	0	3540.521692541713
14	12	0	81	0	0	3540.823671894782
14	12	1	19	0	0	3540.823671894782
14	3	0	86	0	0	3540.854934987972
14	3	1	14	0	0	3540.854934987972
2	4	0	79	0	0	3541.5430080773904
2	4	1	21	0	0	3541.5430080773904
8	4	0	77	0	0	3541.9017880321153
8	4	1	23	0	0	3541.9017880321153
5	9	0	78	0	0	3543.3499209731735
5	9	1	22	0	0	3543.3499209731735
11	2	0	76	0	0	3546.379671401291
11	2	1	24	0	0	3546.379671401291
13	5	0	80	0	0	3552.45893949304
13	5	1	20	0	0	3552.45893949304
12	9	0	84	0	0	3552.589534469338
12	9	1	16	0	0	3552.589534469338
13	10	0	76	0	0	3554.5489296270866
13	10	1	24	0	0	3554.5489296270866
3	13	0	76	0	0	3555.382663968873
3	13	1	24	0	0	3555.382663968873
8	13	0	80	0	0	3559.0248271397218
8	13	1	20	0	0	3559.0248271397218
13	2	0	83	0	0	3559.321260137432
13	2	1	17	0	0	3559.321260137432
10	11	0	80	0	0	3561.543805750581
10	11	1	20	0	0	3561.543805750581
6	12	0	86	0	0	3564.5090030360216
6	12	1	14	0	0	3564.5090030360216
5	2	0	75	0	0	3565.7563167955145
5	2	1	25	0	0	3565.7563167955145
6	2	0	81	0	0	3567.1575081621663
6	2	1	19	0	0	3567.1575081621663
1	6	0	78	0	0	3568.045911903853
1	6	1	22	0	0	3568.045911903853
2	12	0	76	0	0	3568.806816557736
2	12	1	24	0	0	3568.806816557736
12	10	0	83	0	0	3571.364928760439
12	10	1	17	0	0	3571.364928760439
11	9	0	89	0	0	3571.943578960684
11	9	1	11	0	0	3571.943578960684
3	4	0	79	0	0	3572.7809036023873
3	4	1	21	0	0	3572.7809036023873
9	7	0	84	0	0	3574.574036857437
9	7	1	16	0	0	3574.574036857437
5	7	0	74	0	0	3575.130598370871
5	7	1	26	0	0	3575.130598370871
3	8	0	81	0	0	3577.3733818066867
3	8	1	19	0	0	3577.3733818066867
7	6	0	75	0	0	3587.38004303413
7	6	1	25	0	0	3587.38004303413
14	8	0	79	0	0	3593.346369709875
14	8	1	21	0	0	3593.346369709875
4	10	0	75	0	0	3595.7882311623416
4	10	1	25	0	0	3595.7882311623416
13	4	0	84	0	0	3596.2034330990527
13	4	1	16	0	0	3596.2034330990527
1	10	0	80	0	0	3602.945291311241
1	10	1	20	0	0	3602.945291311241
1	11	0	74	0	0	3606.4845237082054
1	11	1	26	0	0	3606.4845237082054
9	8	0	76	0	0	3606.969989212051
9	8	1	24	0	0	3606.969989212051
9	11	0	81	0	0	3607.444334806817
9	11	1	19	0	0	3607.444334806817
7	11	0	73	0	0	3612.244060921108
7	11	1	27	0	0	3612.244060921108
1	12	0	74	0	0	3612.54365388311
1	12	1	26	0	0	3612.54365388311
4	1	0	87	0	0	3619.518659717005
4	1	1	13	0	0	3619.518659717005
14	1	0	71	0	0	3621.993217272796
14	1	1	29	0	0	3621.993217272796
1	5	0	85	0	0	3622.212140800535
1	5	1	15	0	0	3622.212140800535
10	8	0	87	0	0	3624.1737436845283
10	8	1	13	0	0	3624.1737436845283
9	14	0	76	0	0	3624.2046218325286
9	14	1	24	0	0	3624.2046218325286
13	11	0	87	0	0	3626.0200446209456
13	11	1	13	0	0	3626.0200446209456
4	14	0	77	0	0	3630.0775324326437
4	14	1	23	0	0	3630.0775324326437
5	14	0	81	0	0	3630.7674899913895
5	14	1	19	0	0	3630.7674899913895
3	7	0	76	0	0	3631.3636492210776
3	7	1	24	0	0	3631.3636492210776
3	14	0	69	0	0	3636.820184619302
3	14	1	31	0	0	3636.820184619302
12	8	0	76	0	0	3638.13652405965
12	8	1	24	0	0	3638.13652405965
3	5	0	80	0	0	3638.4333587971164
3	5	1	20	0	0	3638.4333587971164
1	9	0	81	0	0	3640.080320848386
1	9	1	19	0	0	3640.080320848386
2	8	0	77	0	0	3640.3416797692275
2	8	1	23	0	0	3640.3416797692275
9	5	0	78	0	0	3641.6217188538226
9	5	1	22	0	0	3641.6217188538226
9	2	0	80	0	0	3643.1533007804683
9	2	1	20	0	0	3643.1533007804683
14	10	0	86	0	0	3645.8096135827304
14	10	1	14	0	0	3645.8096135827304
11	5	0	85	0	0	3649.8455113283835
11	5	1	15	0	0	3649.8455113283835
6	9	0	80	0	0	3652.0584507594613
6	9	1	20	0	0	3652.0584507594613
10	14	0	83	0	0	3652.372755878811
10	14	1	17	0	0	3652.372755878811
6	10	0	81	0	0	3652.618106316427
6	10	1	19	0	0	3652.618106316427
7	3	0	86	0	0	3653.0573506482597
7	3	1	14	0	0	3653.0573506482597
5	3	0	82	0	0	3657.7360375775256
5	3	1	18	0	0	3657.7360375775256
10	5	0	78	0	0	3661.8393848411542
10	5	1	22	0	0	3661.8393848411542
9	4	0	84	0	0	3668.876040683044
9	4	1	16	0	0	3668.876040683044
13	8	0	86	0	0	3669.0057281821537
13	8	1	14	0	0	3669.0057281821537
14	4	0	77	0	0	3670.030394668713
14	4	1	23	0	0	3670.030394668713
4	6	0	76	0	0	3671.1722133135086
4	6	1	24	0	0	3671.1722133135086
11	4	0	71	0	0	3675.7867003118863
11	4	1	29	0	0	3675.7867003118863
10	3	0	81	0	0	3676.271977860539
10	3	1	19	0	0	3676.271977860539
2	7	0	82	0	0	3679.1889197846103
2	7	1	18	0	0	3679.1889197846103
13	6	0	87	0	0	3680.0877609406457
13	6	1	13	0	0	3680.0877609406457
10	2	0	77	0	0	3681.1880964299803
10	2	1	23	0	0	3681.1880964299803
14	11	0	78	0	0	3687.5981498540987
14	11	1	22	0	0	3687.5981498540987
2	10	0	84	0	0	3688.6701901884876
2	10	1	16	0	0	3688.6701901884876
1	2	0	83	0	0	3690.6771615219136
1	2	1	17	0	0	3690.6771615219136
2	5	0	77	0	0	3693.1636243077396
2	5	1	23	0	0	3693.1636243077396
7	9	0	79	0	0	3696.1399722281244
7	9	1	21	0	0	3696.1399722281244
3	10	0	73	0	0	3698.3073738150397
3	10	1	27	0	0	3698.3073738150397
10	13	0	71	0	0	3700.585568764617
10	13	1	29	0	0	3700.585568764617
8	2	0	83	0	0	3700.724313124613
8	2	1	17	0	0	3700.724313124613
12	4	0	79	0	0	3701.433952718024
12	4	1	21	0	0	3701.433952718024
11	3	0	78	0	0	3705.086778385153
11	3	1	22	0	0	3705.086778385153
5	4	0	83	0	0	3705.6058905012083
5	4	1	17	0	0	3705.6058905012083
1	8	0	82	0	0	3706.342376899838
1	8	1	18	0	0	3706.342376899838
9	12	0	75	0	0	3707.1986412197866
9	12	1	25	0	0	3707.1986412197866
14	5	0	71	0	0	3711.9979459760757
14	5	1	29	0	0	3711.9979459760757
7	10	0	81	0	0	3712.093512929847
7	10	1	19	0	0	3712.093512929847
4	5	0	83	0	0	3714.0736847963954
4	5	1	17	0	0	3714.0736847963954
3	2	0	76	0	0	3718.151642405436
3	2	1	24	0	0	3718.151642405436
8	9	0	81	0	0	3718.3341335237765
8	9	1	19	0	0	3718.3341335237765
3	9	0	82	0	0	3719.1123524983554
3	9	1	18	0	0	3719.1123524983554
6	8	0	76	0	0	3722.4268152030772
6	8	1	24	0	0	3722.4268152030772
8	6	0	76	0	0	3723.8772708477873
8	6	1	24	0	0	3723.8772708477873
14	13	0	87	0	0	3725.913223769867
14	13	1	13	0	0	3725.913223769867
7	2	0	78	0	0	3728.4246099198085
7	2	1	22	0	0	3728.4246099198085
9	13	0	76	0	0	3730.350841956245
9	13	1	24	0	0	3730.350841956245
13	1	0	90	0	0	3730.5482807067715
13	1	1	10	0	0	3730.5482807067715
6	14	0	75	0	0	3733.7408972584726
6	14	1	25	0	0	3733.7408972584726
7	13	0	82	0	0	3734.6524493303036
7	13	1	18	0	0	3734.6524493303036
2	1	0	82	0	0	3736.2175169673396
2	1	1	18	0	0	3736.2175169673396
10	9	0	72	0	0	3737.6045511171487
10	9	1	28	0	0	3737.6045511171487
13	3	0	85	0	0	3739.3133379174938
13	3	1	15	0	0	3739.3133379174938
12	1	0	85	0	0	3742.0168356117833
12	1	1	15	0	0	3742.0168356117833
8	12	0	76	0	0	3742.746372439921
8	12	1	24	0	0	3742.746372439921
4	12	0	74	0	0	3745.0282157348574
4	12	1	26	0	0	3745.0282157348574
8	10	0	81	0	0	3748.655038508915
8	10	1	19	0	0	3748.655038508915
9	6	0	76	0	0	3754.981203015167
9	6	1	24	0	0	3754.981203015167
7	8	0	80	0	0	3756.4640803594007
7	8	1	20	0	0	3756.4640803594007
12	5	0	79	0	0	3756.5019996291785
12	5	1	21	0	0	3756.5019996291785
1	13	0	80	0	0	3758.21432549997
1	13	1	20	0	0	3758.21432549997
11	14	0	88	0	0	3760.635073501801
11	14	1	12	0	0	3760.635073501801
12	11	0	85	0	0	3764.043757796724
12	11	1	15	0	0	3764.043757796724
4	9	0	79	0	0	3764.787125136178
4	9	1	21	0	0	3764.787125136178
2	14	0	85	0	0	3768.8600900956785
2	14	1	15	0	0	3768.8600900956785
4	11	0	77	0	0	3772.914662847992
4	11	1	23	0	0	3772.914662847992
5	6	0	79	0	0	3774.1058517079177
5	6	1	21	0	0	3774.1058517079177
2	11	0	76	0	0	3774.9153795329403
2	11	1	24	0	0	3774.9153795329403
8	5	0	85	0	0	3794.6459775347485
8	5	1	15	0	0	3794.6459775347485
11	13	0	78	0	0	3799.548848344244
11	13	1	22	0	0	3799.548848344244
8	3	0	72	0	0	3799.771613468796
8	3	1	28	0	0	3799.771613468796
13	12	0	80	0	0	3807.0720254059206
13	12	1	20	0	0	3807.0720254059206
7	12	0	75	0	0	3817.414669724821
7	12	1	25	0	0	3817.414669724821
9	10	0	74	0	0	3817.5355212138807
9	10	1	26	0	0	3817.5355212138807
6	4	0	81	0	0	3834.116037568269
6	4	1	19	0	0	3834.116037568269
10	6	0	84	0	0	3835.706935536402
10	6	1	16	0	0	3835.706935536402
5	11	0	85	0	0	3839.8851612844583
5	11	1	15	0	0	3839.8851612844583
14	7	0	70	0	0	3843.450852518998
14	7	1	30	0	0	3843.450852518998
12	2	0	81	0	0	3851.0094224703416
12	2	1	19	0	0	3851.0094224703416
8	1	0	82	0	0	3855.4958213152477
8	1	1	18	0	0	3855.4958213152477
12	6	0	82	0	0	3857.2910786670323
12	6	1	18	0	0	3857.2910786670323
4	3	0	74	0	0	3865.12796734995
4	3	1	26	0	0	3865.12796734995
11	10	0	77	0	0	3872.192361048985
11	10	1	23	0	0	3872.192361048985
6	3	0	72	0	0	3874.140757218399
6	3	1	28	0	0	3874.140757218399
1	7	0	78	0	0	3887.822118632843
1	7	1	22	0	0	3887.822118632843
10	1	0	82	0	0	3891.463997470454
10	1	1	18	0	0	3891.463997470454
3	11	0	76	0	0	3898.49820033504
3	11	1	24	0	0	3898.49820033504
8	14	0	82	0	0	3928.8558043111007
8	14	1	18	0	0	3928.8558043111007
5	13	0	80	0	0	3929.624372940521
5	13	1	20	0	0	3929.624372940521
9	1	0	85	0	0	3929.782268653291
9	1	1	15	0	0	3929.782268653291
9	3	0	79	0	0	3931.337862674741
9	3	1	21	0	0	3931.337862674741
4	8	0	76	0	0	3931.945464475155
4	8	1	24	0	0	3931.945464475155
11	12	0	85	0	0	3936.4299374339544
11	12	1	15	0	0	3936.4299374339544
4	13	0	83	0	0	3938.251631022916
4	13	1	17	0	0	3938.251631022916
14	9	0	86	0	0	3966.4173393471183
14	9	1	14	0	0	3966.4173393471183
12	13	0	81	0	0	3975.55937301554
12	13	1	19	0	0	3975.55937301554
