03-10-2015 13-33-06
Blocking per SRC-DST nodes

S	D	T	Req	Blocked	U	SimTime
12	5	0	72	0	0	335.102433527835
12	5	1	28	0	0	335.102433527835
6	2	0	79	0	0	336.08358040513355
6	2	1	21	0	0	336.08358040513355
6	11	0	72	0	0	337.6175901601177
6	11	1	28	5	5	337.6175901601177
14	10	0	76	0	0	356.2183228205157
14	10	1	24	9	9	356.2183228205157
10	9	0	82	0	0	364.4378565436928
10	9	1	18	0	0	364.4378565436928
12	9	0	82	0	0	366.36217383021784
12	9	1	18	0	0	366.36217383021784
14	3	0	80	0	0	372.38713673798344
14	3	1	20	4	4	372.38713673798344
2	6	0	79	0	0	373.79245056605146
2	6	1	21	0	0	373.79245056605146
11	7	0	80	0	0	375.68267628461126
11	7	1	20	0	0	375.68267628461126
2	12	0	72	0	0	375.86454706897274
2	12	1	28	1	1	375.86454706897274
6	12	0	78	0	0	377.3099282797003
6	12	1	22	5	5	377.3099282797003
14	7	0	82	0	0	378.24714685563663
14	7	1	18	0	0	378.24714685563663
3	4	0	83	0	0	379.69486105587686
3	4	1	17	1	1	379.69486105587686
10	4	0	79	0	0	380.9958789886969
10	4	1	21	0	0	380.9958789886969
7	11	0	83	0	0	381.4547990560291
7	11	1	17	0	0	381.4547990560291
12	2	0	85	0	0	382.3371086925188
12	2	1	15	0	0	382.3371086925188
10	3	0	80	0	0	384.0493819653479
10	3	1	20	0	0	384.0493819653479
2	3	0	78	0	0	386.16285865368775
2	3	1	22	0	0	386.16285865368775
12	7	0	86	0	0	387.3604733034419
12	7	1	14	0	0	387.3604733034419
5	12	0	86	0	0	388.3783155867999
5	12	1	14	0	0	388.3783155867999
4	1	0	80	0	0	389.9035335431847
4	1	1	20	0	0	389.9035335431847
3	6	0	83	0	0	390.2499425881462
3	6	1	17	0	0	390.2499425881462
13	10	0	80	0	0	390.49164134194126
13	10	1	20	0	0	390.49164134194126
5	1	0	78	0	0	390.60855454134594
5	1	1	22	1	1	390.60855454134594
4	10	0	82	0	0	390.82816002307703
4	10	1	18	0	0	390.82816002307703
5	14	0	83	0	0	391.04992895651776
5	14	1	17	1	1	391.04992895651776
13	11	0	77	0	0	392.3682369497638
13	11	1	23	1	1	392.3682369497638
14	6	0	86	0	0	392.9691999592977
14	6	1	14	1	1	392.9691999592977
6	3	0	75	0	0	393.17286260716935
6	3	1	25	0	0	393.17286260716935
14	9	0	80	0	0	393.56825181283983
14	9	1	20	3	3	393.56825181283983
12	14	0	77	0	0	395.72137077131083
12	14	1	23	0	0	395.72137077131083
7	1	0	85	0	0	397.0980692259609
7	1	1	15	0	0	397.0980692259609
1	3	0	86	0	0	397.3638135522233
1	3	1	14	0	0	397.3638135522233
8	10	0	75	0	0	397.48678141492377
8	10	1	25	4	4	397.48678141492377
7	6	0	86	0	0	399.6222590302107
7	6	1	14	2	2	399.6222590302107
13	7	0	82	0	0	401.9988319908299
13	7	1	18	1	1	401.9988319908299
4	7	0	80	0	0	402.72912517276285
4	7	1	20	0	0	402.72912517276285
6	13	0	82	0	0	402.877031152152
6	13	1	18	0	0	402.877031152152
7	13	0	83	0	0	403.18733082815976
7	13	1	17	0	0	403.18733082815976
5	11	0	77	0	0	404.03436336849836
5	11	1	23	0	0	404.03436336849836
2	13	0	80	0	0	404.0446078839156
2	13	1	20	0	0	404.0446078839156
13	5	0	79	0	0	405.1622095238739
13	5	1	21	0	0	405.1622095238739
7	3	0	83	0	0	405.2416593375671
7	3	1	17	0	0	405.2416593375671
9	2	0	87	0	0	405.83539367243185
9	2	1	13	0	0	405.83539367243185
14	8	0	79	0	0	406.0129378465531
14	8	1	21	1	1	406.0129378465531
11	3	0	73	0	0	406.87077500377245
11	3	1	27	5	5	406.87077500377245
10	11	0	75	0	0	407.06044025614574
10	11	1	25	0	0	407.06044025614574
9	3	0	76	0	0	407.1107186939239
9	3	1	24	0	0	407.1107186939239
5	2	0	80	0	0	407.58088436635387
5	2	1	20	0	0	407.58088436635387
14	11	0	79	0	0	408.0518632777486
14	11	1	21	5	5	408.0518632777486
12	11	0	84	0	0	408.23790727125424
12	11	1	16	0	0	408.23790727125424
8	11	0	81	0	0	408.99647726938963
8	11	1	19	4	4	408.99647726938963
1	10	0	79	0	0	409.80015345102345
1	10	1	21	0	0	409.80015345102345
4	5	0	84	0	0	410.4266909155448
4	5	1	16	0	0	410.4266909155448
5	13	0	66	0	0	410.56121642399575
5	13	1	34	0	0	410.56121642399575
1	4	0	85	0	0	411.15448323398124
1	4	1	15	2	2	411.15448323398124
9	10	0	78	0	0	411.1881934500211
9	10	1	22	0	0	411.1881934500211
13	3	0	79	0	0	411.86374786580495
13	3	1	21	0	0	411.86374786580495
3	12	0	88	0	0	411.8693306657843
3	12	1	12	0	0	411.8693306657843
3	8	0	83	0	0	413.41628206661574
3	8	1	17	0	0	413.41628206661574
8	9	0	79	0	0	413.9421251283978
8	9	1	21	3	3	413.9421251283978
7	14	0	88	0	0	414.5620912916914
7	14	1	12	0	0	414.5620912916914
3	10	0	80	0	0	415.1951475681488
3	10	1	20	0	0	415.1951475681488
6	14	0	82	0	0	416.32375249152255
6	14	1	18	0	0	416.32375249152255
1	9	0	80	0	0	416.6386234112402
1	9	1	20	0	0	416.6386234112402
14	2	0	81	0	0	416.69389875023205
14	2	1	19	0	0	416.69389875023205
7	4	0	82	0	0	417.31557562831136
7	4	1	18	0	0	417.31557562831136
11	2	0	86	0	0	417.35496981538694
11	2	1	14	3	3	417.35496981538694
13	8	0	70	0	0	418.1779182059745
13	8	1	30	0	0	418.1779182059745
5	6	0	89	0	0	418.93222444058995
5	6	1	11	0	0	418.93222444058995
11	6	0	83	0	0	419.07461405537765
11	6	1	17	0	0	419.07461405537765
6	9	0	76	0	0	419.93588377535235
6	9	1	24	4	4	419.93588377535235
9	5	0	81	0	0	420.4809028268243
9	5	1	19	0	0	420.4809028268243
2	1	0	79	0	0	421.50727721412784
2	1	1	21	0	0	421.50727721412784
12	3	0	80	0	0	421.8006599879989
12	3	1	20	0	0	421.8006599879989
13	14	0	82	0	0	422.167175968019
13	14	1	18	0	0	422.167175968019
11	4	0	72	0	0	422.99415683996705
11	4	1	28	0	0	422.99415683996705
10	7	0	80	0	0	423.8985072313881
10	7	1	20	0	0	423.8985072313881
1	2	0	74	0	0	424.3736988019815
1	2	1	26	0	0	424.3736988019815
5	3	0	75	0	0	424.4538869941795
5	3	1	25	0	0	424.4538869941795
2	4	0	80	0	0	425.4753342273777
2	4	1	20	0	0	425.4753342273777
13	6	0	75	0	0	425.9885782312129
13	6	1	25	1	1	425.9885782312129
9	14	0	82	0	0	428.14209765907435
9	14	1	18	2	2	428.14209765907435
7	2	0	79	0	0	428.14345154860405
7	2	1	21	0	0	428.14345154860405
4	14	0	76	0	0	428.39490745498597
4	14	1	24	0	0	428.39490745498597
8	4	0	78	0	0	428.7016481467707
8	4	1	22	0	0	428.7016481467707
3	1	0	89	0	0	429.1066735394574
3	1	1	11	0	0	429.1066735394574
3	11	0	73	2	2	430.2164974765106
3	11	1	27	11	11	430.2164974765106
1	11	0	87	0	0	431.0615006570322
1	11	1	13	5	5	431.0615006570322
14	13	0	79	0	0	431.55615745080536
14	13	1	21	0	0	431.55615745080536
13	4	0	87	0	0	432.44498885368586
13	4	1	13	0	0	432.44498885368586
1	12	0	79	0	0	433.0682177414011
1	12	1	21	0	0	433.0682177414011
2	9	0	78	0	0	433.3471393147387
2	9	1	22	1	1	433.3471393147387
3	9	0	79	0	0	433.7607540027602
3	9	1	21	2	2	433.7607540027602
6	10	0	74	0	0	434.12465132898853
6	10	1	26	4	4	434.12465132898853
7	8	0	78	0	0	435.29584344577717
7	8	1	22	2	2	435.29584344577717
6	4	0	71	0	0	435.39052399586564
6	4	1	29	4	4	435.39052399586564
4	11	0	83	0	0	435.8931546940064
4	11	1	17	0	0	435.8931546940064
14	5	0	78	0	0	436.5456545767209
14	5	1	22	11	11	436.5456545767209
9	7	0	82	0	0	437.6460623823222
9	7	1	18	0	0	437.6460623823222
7	9	0	77	0	0	438.82428274429964
7	9	1	23	0	0	438.82428274429964
7	10	0	86	0	0	438.89766895116384
7	10	1	14	0	0	438.89766895116384
8	2	0	80	0	0	439.1454982475094
8	2	1	20	1	1	439.1454982475094
1	14	0	87	0	0	439.3810732190997
1	14	1	13	0	0	439.3810732190997
9	12	0	71	0	0	440.5710190388263
9	12	1	29	0	0	440.5710190388263
14	1	0	79	0	0	442.8148461309934
14	1	1	21	0	0	442.8148461309934
2	10	0	78	0	0	444.1430529476815
2	10	1	22	0	0	444.1430529476815
10	14	0	82	0	0	444.29218673387794
10	14	1	18	2	2	444.29218673387794
4	9	0	77	0	0	446.52519437676517
4	9	1	23	0	0	446.52519437676517
14	4	0	80	0	0	446.9198149095911
14	4	1	20	0	0	446.9198149095911
8	1	0	71	0	0	447.1097890700516
8	1	1	29	2	2	447.1097890700516
9	6	0	83	0	0	447.15696049259964
9	6	1	17	2	2	447.15696049259964
9	4	0	83	0	0	449.3737796994814
9	4	1	17	0	0	449.3737796994814
3	2	0	85	0	0	449.4935064357989
3	2	1	15	0	0	449.4935064357989
3	5	0	84	0	0	449.6084016032106
3	5	1	16	0	0	449.6084016032106
5	8	0	82	0	0	450.090387926832
5	8	1	18	0	0	450.090387926832
10	2	0	82	0	0	450.2809428542103
10	2	1	18	0	0	450.2809428542103
11	5	0	77	0	0	451.6465179093552
11	5	1	23	0	0	451.6465179093552
8	3	0	83	0	0	452.60306368184234
8	3	1	17	0	0	452.60306368184234
10	8	0	83	0	0	454.07367142024594
10	8	1	17	1	1	454.07367142024594
9	8	0	77	0	0	454.6552803573958
9	8	1	23	2	2	454.6552803573958
1	13	0	80	0	0	455.27231235114095
1	13	1	20	0	0	455.27231235114095
2	14	0	75	0	0	456.3766037766449
2	14	1	25	0	0	456.3766037766449
5	7	0	80	0	0	456.59655012485314
5	7	1	20	1	1	456.59655012485314
12	13	0	80	0	0	456.6554254736545
12	13	1	20	0	0	456.6554254736545
5	4	0	74	0	0	456.92916923281683
5	4	1	26	0	0	456.92916923281683
6	5	0	75	0	0	457.34368452827675
6	5	1	25	0	0	457.34368452827675
12	4	0	82	0	0	457.7796571516913
12	4	1	18	0	0	457.7796571516913
13	2	0	75	0	0	458.3775201544575
13	2	1	25	0	0	458.3775201544575
5	9	0	77	0	0	462.96239665031374
5	9	1	23	0	0	462.96239665031374
13	9	0	81	0	0	463.3102734163645
13	9	1	19	0	0	463.3102734163645
4	3	0	85	0	0	464.16912439912966
4	3	1	15	0	0	464.16912439912966
12	8	0	77	0	0	465.15079563819546
12	8	1	23	0	0	465.15079563819546
8	7	0	78	0	0	465.63844497214967
8	7	1	22	1	1	465.63844497214967
12	10	0	84	0	0	465.66987062373835
12	10	1	16	0	0	465.66987062373835
13	1	0	80	0	0	466.65624059392087
13	1	1	20	0	0	466.65624059392087
14	12	0	79	0	0	467.43817863529
14	12	1	21	0	0	467.43817863529
1	5	0	83	0	0	467.53982487723346
1	5	1	17	1	1	467.53982487723346
11	1	0	80	0	0	468.5565164357729
11	1	1	20	2	2	468.5565164357729
4	2	0	73	0	0	468.78078682552103
4	2	1	27	0	0	468.78078682552103
9	1	0	76	0	0	468.8431113245616
9	1	1	24	0	0	468.8431113245616
10	6	0	77	0	0	469.01744395768725
10	6	1	23	2	2	469.01744395768725
10	13	0	84	0	0	470.95076929270994
10	13	1	16	0	0	470.95076929270994
3	14	0	82	0	0	471.36669350664533
3	14	1	18	0	0	471.36669350664533
10	12	0	81	0	0	472.49901605195106
10	12	1	19	0	0	472.49901605195106
6	8	0	78	0	0	472.78686138686555
6	8	1	22	0	0	472.78686138686555
4	6	0	80	0	0	474.5514953674061
4	6	1	20	6	6	474.5514953674061
2	11	0	86	0	0	475.5693853574896
2	11	1	14	9	9	475.5693853574896
11	13	0	88	0	0	477.55305810963137
11	13	1	12	2	2	477.55305810963137
3	13	0	74	0	0	482.69556385377103
3	13	1	26	0	0	482.69556385377103
7	5	0	80	0	0	483.62630650312263
7	5	1	20	1	1	483.62630650312263
4	13	0	77	0	0	486.3420152175106
4	13	1	23	0	0	486.3420152175106
7	12	0	77	0	0	487.24891312651374
7	12	1	23	0	0	487.24891312651374
11	8	0	75	0	0	487.4705280642578
11	8	1	25	2	2	487.4705280642578
3	7	0	77	0	0	487.5645857662643
3	7	1	23	0	0	487.5645857662643
4	12	0	82	0	0	487.8727997657385
4	12	1	18	0	0	487.8727997657385
12	1	0	85	0	0	489.83291873468295
12	1	1	15	0	0	489.83291873468295
2	8	0	82	0	0	490.82983005089187
2	8	1	18	3	3	490.82983005089187
10	1	0	82	0	0	491.6079838639723
10	1	1	18	0	0	491.6079838639723
2	5	0	79	0	0	492.0189597677004
2	5	1	21	0	0	492.0189597677004
10	5	0	74	0	0	493.7060324868904
10	5	1	26	0	0	493.7060324868904
8	13	0	79	0	0	495.42239505672035
8	13	1	21	0	0	495.42239505672035
8	14	0	76	0	0	495.454225848351
8	14	1	24	2	2	495.454225848351
1	8	0	86	0	0	495.8869862699854
1	8	1	14	1	1	495.8869862699854
6	7	0	77	0	0	496.62209370194455
6	7	1	23	7	7	496.62209370194455
9	11	0	75	0	0	497.1167034463163
9	11	1	25	0	0	497.1167034463163
11	14	0	78	0	0	497.1364523327387
11	14	1	22	0	0	497.1364523327387
2	7	0	81	0	0	499.16912858496636
2	7	1	19	1	1	499.16912858496636
4	8	0	84	0	0	501.20954690740814
4	8	1	16	0	0	501.20954690740814
5	10	0	76	0	0	503.01974519492813
5	10	1	24	0	0	503.01974519492813
9	13	0	85	0	0	504.2576106965633
9	13	1	15	0	0	504.2576106965633
6	1	0	79	0	0	504.6595592069594
6	1	1	21	0	0	504.6595592069594
8	6	0	80	0	0	505.4286712736674
8	6	1	20	0	0	505.4286712736674
12	6	0	81	0	0	506.37816459699883
12	6	1	19	0	0	506.37816459699883
8	5	0	82	0	0	515.3053707848111
8	5	1	18	8	8	515.3053707848111
1	6	0	80	0	0	515.6651070202367
1	6	1	20	0	0	515.6651070202367
8	12	0	79	0	0	519.8550025623265
8	12	1	21	0	0	519.8550025623265
11	9	0	80	0	0	523.0034809666912
11	9	1	20	0	0	523.0034809666912
11	10	0	83	0	0	523.485694622492
11	10	1	17	0	0	523.485694622492
13	12	0	78	0	0	535.642127440184
13	12	1	22	1	1	535.642127440184
1	7	0	76	0	0	537.5501013076033
1	7	1	24	0	0	537.5501013076033
11	12	0	87	0	0	547.960802720579
11	12	1	13	0	0	547.960802720579
2	13	0	77	0	0	748.5874821406842
2	13	1	23	0	0	748.5874821406842
14	8	0	81	0	0	753.5479715588178
14	8	1	19	1	1	753.5479715588178
3	12	0	79	0	0	755.1173778531805
3	12	1	21	0	0	755.1173778531805
3	6	0	73	0	0	757.71048200508
3	6	1	27	0	0	757.71048200508
13	7	0	84	0	0	768.1655661097537
13	7	1	16	0	0	768.1655661097537
13	4	0	87	0	0	772.1604831263231
13	4	1	13	1	1	772.1604831263231
12	5	0	80	0	0	775.1727031578739
12	5	1	20	0	0	775.1727031578739
11	6	0	81	0	0	776.6848534082295
11	6	1	19	1	1	776.6848534082295
2	3	0	83	0	0	782.197140896637
2	3	1	17	0	0	782.197140896637
12	3	0	81	0	0	787.3479739708516
12	3	1	19	0	0	787.3479739708516
8	4	0	77	0	0	789.7171426767027
8	4	1	23	0	0	789.7171426767027
1	3	0	80	0	0	792.8271133719402
1	3	1	20	0	0	792.8271133719402
12	7	0	84	0	0	793.2122510428741
12	7	1	16	0	0	793.2122510428741
10	4	0	85	0	0	799.6414222332668
10	4	1	15	0	0	799.6414222332668
14	10	0	77	0	0	799.7795506171055
14	10	1	23	4	4	799.7795506171055
5	14	0	73	0	0	801.9721295760845
5	14	1	27	3	3	801.9721295760845
7	1	0	77	0	0	802.2743448592094
7	1	1	23	0	0	802.2743448592094
4	7	0	80	0	0	804.9729545849183
4	7	1	20	0	0	804.9729545849183
2	12	0	74	0	0	805.8363664681239
2	12	1	26	0	0	805.8363664681239
10	11	0	80	0	0	805.8536644162626
10	11	1	20	0	0	805.8536644162626
3	1	0	82	0	0	808.6384596031523
3	1	1	18	0	0	808.6384596031523
12	14	0	81	0	0	809.1650293897336
12	14	1	19	0	0	809.1650293897336
13	6	0	80	0	0	809.8188608920321
13	6	1	20	1	1	809.8188608920321
14	3	0	70	0	0	809.990156775603
14	3	1	30	2	2	809.990156775603
10	9	0	74	0	0	810.4113350685544
10	9	1	26	0	0	810.4113350685544
13	5	0	80	0	0	810.4880719028296
13	5	1	20	0	0	810.4880719028296
6	13	0	77	0	0	810.865961341448
6	13	1	23	0	0	810.865961341448
5	1	0	88	0	0	812.3910487583994
5	1	1	12	0	0	812.3910487583994
9	7	0	80	0	0	816.799460386041
9	7	1	20	0	0	816.799460386041
7	11	0	79	0	0	817.2790714456754
7	11	1	21	0	0	817.2790714456754
5	12	0	79	0	0	819.5387935540053
5	12	1	21	0	0	819.5387935540053
5	9	0	80	0	0	821.6120166255031
5	9	1	20	0	0	821.6120166255031
13	9	0	83	0	0	822.8682231627694
13	9	1	17	1	1	822.8682231627694
8	10	0	80	0	0	823.5144805037709
8	10	1	20	6	6	823.5144805037709
5	2	0	81	0	0	823.9339462345436
5	2	1	19	0	0	823.9339462345436
13	14	0	83	0	0	825.0321273600338
13	14	1	17	0	0	825.0321273600338
6	2	0	69	0	0	825.2706245986926
6	2	1	31	0	0	825.2706245986926
6	11	0	78	0	0	825.587570024438
6	11	1	22	5	5	825.587570024438
7	6	0	81	0	0	827.1613805208189
7	6	1	19	5	5	827.1613805208189
3	8	0	81	0	0	830.0276157374705
3	8	1	19	0	0	830.0276157374705
6	12	0	76	0	0	830.0909900532455
6	12	1	24	7	7	830.0909900532455
8	2	0	83	0	0	830.892167095431
8	2	1	17	1	1	830.892167095431
11	5	0	79	0	0	831.1104463498899
11	5	1	21	0	0	831.1104463498899
9	14	0	84	0	0	831.3496508050032
9	14	1	16	4	4	831.3496508050032
8	11	0	85	0	0	832.2550323841105
8	11	1	15	5	5	832.2550323841105
4	14	0	76	0	0	832.3505229542598
4	14	1	24	1	1	832.3505229542598
1	4	0	86	0	0	835.0515359903159
1	4	1	14	0	0	835.0515359903159
7	14	0	73	0	0	835.9190271551183
7	14	1	27	5	5	835.9190271551183
1	10	0	83	0	0	836.0225846357426
1	10	1	17	0	0	836.0225846357426
2	14	0	75	0	0	837.0652673973735
2	14	1	25	0	0	837.0652673973735
12	9	0	80	0	0	837.1000397136004
12	9	1	20	0	0	837.1000397136004
4	10	0	76	0	0	837.1344602780317
4	10	1	24	0	0	837.1344602780317
2	6	0	76	0	0	841.7166268737177
2	6	1	24	0	0	841.7166268737177
12	2	0	83	0	0	841.7759155840196
12	2	1	17	0	0	841.7759155840196
13	3	0	78	0	0	842.1982759727825
13	3	1	22	0	0	842.1982759727825
14	2	0	76	0	0	842.2943665300506
14	2	1	24	0	0	842.2943665300506
3	14	0	77	0	0	844.361085174701
3	14	1	23	0	0	844.361085174701
9	5	0	76	0	0	844.6702373141054
9	5	1	24	0	0	844.6702373141054
5	6	0	86	0	0	848.0529475679413
5	6	1	14	3	3	848.0529475679413
14	1	0	82	0	0	848.2233788933429
14	1	1	18	0	0	848.2233788933429
10	7	0	77	0	0	849.5397963427479
10	7	1	23	0	0	849.5397963427479
4	2	0	83	0	0	849.8609320244744
4	2	1	17	0	0	849.8609320244744
9	3	0	81	0	0	850.5542986823768
9	3	1	19	4	4	850.5542986823768
13	8	0	85	0	0	852.3327557160135
13	8	1	15	0	0	852.3327557160135
7	4	0	80	0	0	852.3443506419799
7	4	1	20	0	0	852.3443506419799
14	4	0	75	0	0	854.9275485701365
14	4	1	25	0	0	854.9275485701365
8	13	0	83	0	0	855.6698826458331
8	13	1	17	0	0	855.6698826458331
14	5	0	76	0	0	855.8499725764111
14	5	1	24	5	5	855.8499725764111
13	10	0	82	0	0	857.5752826511351
13	10	1	18	0	0	857.5752826511351
7	5	0	75	0	0	858.6292723212658
7	5	1	25	2	2	858.6292723212658
7	8	0	81	0	0	858.9849228414994
7	8	1	19	2	2	858.9849228414994
1	14	0	80	0	0	859.3501195582985
1	14	1	20	0	0	859.3501195582985
7	13	0	76	0	0	860.2928387198491
7	13	1	24	0	0	860.2928387198491
11	1	0	80	0	0	861.0936819112147
11	1	1	20	5	5	861.0936819112147
11	7	0	85	0	0	861.6686208168595
11	7	1	15	0	0	861.6686208168595
8	1	0	81	0	0	864.2640408685353
8	1	1	19	0	0	864.2640408685353
2	5	0	81	0	0	865.4823452151129
2	5	1	19	0	0	865.4823452151129
9	1	0	89	0	0	866.2393877729824
9	1	1	11	1	1	866.2393877729824
3	2	0	80	0	0	866.3790431466199
3	2	1	20	0	0	866.3790431466199
3	9	0	75	0	0	866.8982475965762
3	9	1	25	1	1	866.8982475965762
11	8	0	76	0	0	867.6944059935369
11	8	1	24	3	3	867.6944059935369
11	2	0	80	0	0	868.4817077663768
11	2	1	20	5	5	868.4817077663768
10	12	0	79	0	0	869.3015153524974
10	12	1	21	1	1	869.3015153524974
2	1	0	73	0	0	871.0588376316168
2	1	1	27	0	0	871.0588376316168
14	9	0	80	0	0	872.1736308958343
14	9	1	20	8	8	872.1736308958343
12	4	0	78	0	0	872.4621683470109
12	4	1	22	0	0	872.4621683470109
6	9	0	76	0	0	872.5527301432672
6	9	1	24	6	6	872.5527301432672
14	6	0	71	0	0	872.7744271949547
14	6	1	29	0	0	872.7744271949547
7	2	0	82	0	0	873.016470054092
7	2	1	18	1	1	873.016470054092
6	14	0	79	0	0	873.0301141588009
6	14	1	21	0	0	873.0301141588009
6	5	0	85	0	0	873.8219926262276
6	5	1	15	2	2	873.8219926262276
7	9	0	79	0	0	874.95063245997
7	9	1	21	0	0	874.95063245997
9	2	0	81	0	0	875.3796478426273
9	2	1	19	1	1	875.3796478426273
13	11	0	79	0	0	875.5045284148331
13	11	1	21	1	1	875.5045284148331
7	3	0	72	0	0	876.0296395407103
7	3	1	28	2	2	876.0296395407103
5	8	0	83	0	0	877.0540162652441
5	8	1	17	4	4	877.0540162652441
3	11	0	79	0	0	877.5917930334476
3	11	1	21	4	4	877.5917930334476
5	3	0	78	0	0	879.14662308399
5	3	1	22	0	0	879.14662308399
4	1	0	76	0	0	879.331816237454
4	1	1	24	1	1	879.331816237454
8	5	0	88	0	0	879.3802704380574
8	5	1	12	2	2	879.3802704380574
9	10	0	85	0	0	880.8207617020222
9	10	1	15	0	0	880.8207617020222
14	7	0	81	0	0	885.1159678977134
14	7	1	19	0	0	885.1159678977134
9	12	0	86	0	0	885.3112014515208
9	12	1	14	0	0	885.3112014515208
9	8	0	84	0	0	885.5321005754785
9	8	1	16	4	4	885.5321005754785
4	5	0	75	0	0	885.7913502382712
4	5	1	25	0	0	885.7913502382712
2	9	0	70	0	0	887.5660481074033
2	9	1	30	0	0	887.5660481074033
11	14	0	83	0	0	888.6883859425742
11	14	1	17	3	3	888.6883859425742
1	13	0	78	0	0	890.8255151183903
1	13	1	22	0	0	890.8255151183903
14	12	0	86	0	0	892.4284849429283
14	12	1	14	0	0	892.4284849429283
1	5	0	81	0	0	892.4339670523027
1	5	1	19	0	0	892.4339670523027
8	9	0	76	0	0	892.9437337789402
8	9	1	24	4	4	892.9437337789402
7	10	0	80	0	0	893.0779781570328
7	10	1	20	0	0	893.0779781570328
9	4	0	81	0	0	893.2654020514727
9	4	1	19	0	0	893.2654020514727
6	10	0	76	0	0	894.1263431070577
6	10	1	24	0	0	894.1263431070577
4	13	0	83	0	0	894.6138463656563
4	13	1	17	3	3	894.6138463656563
8	7	0	80	0	0	894.6696988448755
8	7	1	20	0	0	894.6696988448755
1	2	0	78	0	0	900.9777946210414
1	2	1	22	0	0	900.9777946210414
10	13	0	85	0	0	901.6348724003966
10	13	1	15	0	0	901.6348724003966
10	2	0	81	0	0	901.7617176280371
10	2	1	19	1	1	901.7617176280371
1	11	0	77	0	0	901.7761360384526
1	11	1	23	4	4	901.7761360384526
13	1	0	88	0	0	901.8668474483409
13	1	1	12	0	0	901.8668474483409
1	8	0	86	0	0	902.3614917960113
1	8	1	14	3	3	902.3614917960113
5	7	0	78	0	0	903.2655348196755
5	7	1	22	0	0	903.2655348196755
9	11	0	78	0	0	904.0146278508527
9	11	1	22	0	0	904.0146278508527
1	6	0	83	0	0	904.7602526667216
1	6	1	17	0	0	904.7602526667216
11	4	0	75	0	0	905.3637576795272
11	4	1	25	0	0	905.3637576795272
11	13	0	81	0	0	906.0430927525052
11	13	1	19	3	3	906.0430927525052
2	4	0	84	0	0	907.7645115982657
2	4	1	16	0	0	907.7645115982657
12	8	0	77	0	0	908.4753468096794
12	8	1	23	0	0	908.4753468096794
11	3	0	86	0	0	908.9166299741092
11	3	1	14	2	2	908.9166299741092
10	5	0	80	0	0	909.3530588225977
10	5	1	20	0	0	909.3530588225977
14	13	0	83	0	0	909.7979054333042
14	13	1	17	0	0	909.7979054333042
8	6	0	78	0	0	912.9367673469441
8	6	1	22	0	0	912.9367673469441
10	6	0	83	0	0	913.671220473282
10	6	1	17	2	2	913.671220473282
6	3	0	78	0	0	915.8083556640478
6	3	1	22	0	0	915.8083556640478
12	11	0	77	0	0	917.2423649033758
12	11	1	23	0	0	917.2423649033758
1	9	0	83	0	0	917.9076368513284
1	9	1	17	1	1	917.9076368513284
10	3	0	86	0	0	917.9237404176172
10	3	1	14	1	1	917.9237404176172
4	6	0	83	0	0	918.6873355224425
4	6	1	17	0	0	918.6873355224425
10	14	0	73	0	0	918.7958718230828
10	14	1	27	2	2	918.7958718230828
13	2	0	76	0	0	920.4611353500541
13	2	1	24	0	0	920.4611353500541
4	11	0	81	0	0	921.460347398887
4	11	1	19	0	0	921.460347398887
1	12	0	84	0	0	921.7915407490528
1	12	1	16	0	0	921.7915407490528
13	12	0	82	0	0	925.1839592273044
13	12	1	18	0	0	925.1839592273044
3	7	0	77	0	0	925.8853555093804
3	7	1	23	0	0	925.8853555093804
5	11	0	85	0	0	926.553480690641
5	11	1	15	0	0	926.553480690641
3	4	0	81	0	0	926.8104933377631
3	4	1	19	0	0	926.8104933377631
6	4	0	87	1	1	929.4550117164099
6	4	1	13	2	2	929.4550117164099
3	5	0	79	0	0	932.6813168903885
3	5	1	21	0	0	932.6813168903885
2	10	0	74	0	0	935.7338252075223
2	10	1	26	0	0	935.7338252075223
14	11	0	83	0	0	938.2045176461111
14	11	1	17	0	0	938.2045176461111
2	8	0	82	0	0	938.4457308786024
2	8	1	18	0	0	938.4457308786024
5	13	0	82	0	0	938.6218729725152
5	13	1	18	1	1	938.6218729725152
8	3	0	77	0	0	940.0041612365194
8	3	1	23	0	0	940.0041612365194
6	8	0	87	0	0	940.7963920471731
6	8	1	13	0	0	940.7963920471731
12	10	0	79	0	0	940.923867977324
12	10	1	21	0	0	940.923867977324
10	8	0	72	0	0	942.8738160952076
10	8	1	28	4	4	942.8738160952076
9	6	0	83	0	0	943.607711903223
9	6	1	17	3	3	943.607711903223
3	13	0	71	0	0	944.1946445153898
3	13	1	29	0	0	944.1946445153898
8	14	0	87	0	0	945.6529295863066
8	14	1	13	1	1	945.6529295863066
2	7	0	88	0	0	947.6790559724482
2	7	1	12	0	0	947.6790559724482
6	7	0	82	0	0	949.6823354656531
6	7	1	18	6	6	949.6823354656531
8	12	0	76	0	0	950.7570733217412
8	12	1	24	0	0	950.7570733217412
3	10	0	78	0	0	954.0564122695354
3	10	1	22	0	0	954.0564122695354
5	4	0	79	0	0	957.6993151887569
5	4	1	21	0	0	957.6993151887569
4	12	0	79	0	0	961.5314166386662
4	12	1	21	0	0	961.5314166386662
4	3	0	79	0	0	970.2101558134489
4	3	1	21	0	0	970.2101558134489
12	1	0	88	0	0	973.0977244427351
12	1	1	12	0	0	973.0977244427351
2	11	0	76	0	0	975.4413939900647
2	11	1	24	5	5	975.4413939900647
9	13	0	81	0	0	976.4934933720242
9	13	1	19	4	4	976.4934933720242
4	9	0	79	0	0	976.5650006309086
4	9	1	21	0	0	976.5650006309086
12	13	0	79	0	0	982.1118508529999
12	13	1	21	1	1	982.1118508529999
10	1	0	79	0	0	983.3890685697925
10	1	1	21	1	1	983.3890685697925
11	12	0	76	0	0	992.0500868290464
11	12	1	24	0	0	992.0500868290464
11	9	0	75	0	0	995.4310100268684
11	9	1	25	0	0	995.4310100268684
12	6	0	83	0	0	1009.1683818202688
12	6	1	17	0	0	1009.1683818202688
11	10	0	81	0	0	1015.1766784686929
11	10	1	19	0	0	1015.1766784686929
5	10	0	76	0	0	1020.9352733594569
5	10	1	24	0	0	1020.9352733594569
7	12	0	85	0	0	1040.3170022496993
7	12	1	15	0	0	1040.3170022496993
1	7	0	79	0	0	1040.4887145296468
1	7	1	21	1	1	1040.4887145296468
4	8	0	76	0	0	1045.8678902541594
4	8	1	24	0	0	1045.8678902541594
6	1	0	73	0	0	1051.6921165056156
6	1	1	27	0	0	1051.6921165056156
12	3	0	76	0	0	1164.1526735511654
12	3	1	24	0	0	1164.1526735511654
5	1	0	80	0	0	1169.456597172892
5	1	1	20	0	0	1169.456597172892
3	12	0	84	0	0	1178.202823927263
3	12	1	16	0	0	1178.202823927263
6	13	0	80	0	0	1179.6036959731673
6	13	1	20	0	0	1179.6036959731673
1	3	0	85	0	0	1180.60213396967
1	3	1	15	0	0	1180.60213396967
2	13	0	73	0	0	1182.0071968553796
2	13	1	27	0	0	1182.0071968553796
13	7	0	80	0	0	1189.952771731006
13	7	1	20	0	0	1189.952771731006
3	6	0	76	0	0	1190.188171645335
3	6	1	24	0	0	1190.188171645335
8	4	0	77	0	0	1193.816152050667
8	4	1	23	0	0	1193.816152050667
1	4	0	78	0	0	1204.6279003229909
1	4	1	22	0	0	1204.6279003229909
3	8	0	81	0	0	1209.6231186628393
3	8	1	19	0	0	1209.6231186628393
12	7	0	70	0	0	1210.8277810322347
12	7	1	30	1	1	1210.8277810322347
11	7	0	84	0	0	1218.781316971938
11	7	1	16	1	1	1218.781316971938
14	8	0	75	0	0	1220.8835896782455
14	8	1	25	0	0	1220.8835896782455
6	11	0	81	0	0	1221.82645951844
6	11	1	19	1	1	1221.82645951844
9	7	0	81	0	0	1224.226311407882
9	7	1	19	0	0	1224.226311407882
12	14	0	81	0	0	1226.3567152468886
12	14	1	19	0	0	1226.3567152468886
10	12	0	81	0	0	1231.21723814353
10	12	1	19	0	0	1231.21723814353
11	8	0	82	0	0	1232.6704489394845
11	8	1	18	3	3	1232.6704489394845
10	7	0	82	0	0	1235.3367465468657
10	7	1	18	0	0	1235.3367465468657
11	1	0	84	0	0	1238.910549081469
11	1	1	16	4	4	1238.910549081469
7	5	0	78	0	0	1240.8574014178034
7	5	1	22	0	0	1240.8574014178034
9	5	0	78	0	0	1241.1572546566053
9	5	1	22	0	0	1241.1572546566053
14	2	0	79	0	0	1241.9607530603068
14	2	1	21	0	0	1241.9607530603068
6	12	0	76	0	0	1242.5942386033466
6	12	1	24	6	6	1242.5942386033466
13	9	0	80	0	0	1243.1650839639942
13	9	1	20	2	2	1243.1650839639942
14	10	0	85	2	2	1243.2774134379008
14	10	1	15	4	4	1243.2774134379008
11	6	0	82	0	0	1244.0721355996513
11	6	1	18	2	2	1244.0721355996513
14	5	0	82	2	2	1247.2905974730058
14	5	1	18	2	2	1247.2905974730058
10	11	0	76	0	0	1248.0517255290843
10	11	1	24	0	0	1248.0517255290843
2	3	0	74	0	0	1251.0793579224521
2	3	1	26	0	0	1251.0793579224521
4	14	0	82	0	0	1252.228583681157
4	14	1	18	0	0	1252.228583681157
7	1	0	76	0	0	1254.3168806320143
7	1	1	24	0	0	1254.3168806320143
5	12	0	85	0	0	1254.9620481912734
5	12	1	15	0	0	1254.9620481912734
10	9	0	84	0	0	1257.5207212200119
10	9	1	16	0	0	1257.5207212200119
1	6	0	77	0	0	1260.1608399946874
1	6	1	23	0	0	1260.1608399946874
4	7	0	90	0	0	1260.8087724638945
4	7	1	10	0	0	1260.8087724638945
12	5	0	82	0	0	1260.8485595144352
12	5	1	18	0	0	1260.8485595144352
9	1	0	80	0	0	1266.3477934805212
9	1	1	20	0	0	1266.3477934805212
13	3	0	76	0	0	1266.7344104390313
13	3	1	24	0	0	1266.7344104390313
3	1	0	78	0	0	1266.831924138688
3	1	1	22	0	0	1266.831924138688
7	6	0	84	0	0	1268.296396115042
7	6	1	16	5	5	1268.296396115042
8	11	0	79	0	0	1268.6197144053403
8	11	1	21	4	4	1268.6197144053403
5	14	0	82	0	0	1270.7870982267173
5	14	1	18	2	2	1270.7870982267173
5	2	0	78	0	0	1271.3843415743024
5	2	1	22	1	1	1271.3843415743024
5	9	0	81	0	0	1272.0208151146494
5	9	1	19	0	0	1272.0208151146494
13	14	0	76	0	0	1273.2354397596396
13	14	1	24	0	0	1273.2354397596396
14	6	0	78	0	0	1274.5352661308734
14	6	1	22	0	0	1274.5352661308734
11	13	0	82	0	0	1274.9039905284835
11	13	1	18	2	2	1274.9039905284835
3	14	0	84	0	0	1275.146730751892
3	14	1	16	0	0	1275.146730751892
2	6	0	76	0	0	1275.8977084072317
2	6	1	24	0	0	1275.8977084072317
7	14	0	79	0	0	1276.9724136443258
7	14	1	21	1	1	1276.9724136443258
13	5	0	78	0	0	1278.858038114768
13	5	1	22	0	0	1278.858038114768
7	4	0	78	0	0	1279.277603298548
7	4	1	22	0	0	1279.277603298548
2	5	0	85	0	0	1280.1887739347185
2	5	1	15	0	0	1280.1887739347185
2	12	0	75	0	0	1280.7251059733194
2	12	1	25	0	0	1280.7251059733194
7	11	0	80	0	0	1281.144755766287
7	11	1	20	0	0	1281.144755766287
12	10	0	83	0	0	1281.596720524193
12	10	1	17	0	0	1281.596720524193
4	2	0	80	0	0	1282.632200466003
4	2	1	20	0	0	1282.632200466003
4	1	0	84	0	0	1283.8140542625758
4	1	1	16	1	1	1283.8140542625758
8	13	0	73	0	0	1284.9619451305264
8	13	1	27	0	0	1284.9619451305264
12	9	0	83	0	0	1288.2912510748774
12	9	1	17	0	0	1288.2912510748774
11	2	0	76	0	0	1288.319408112584
11	2	1	24	7	7	1288.319408112584
11	14	0	72	0	0	1288.8207260336671
11	14	1	28	7	7	1288.8207260336671
13	11	0	75	0	0	1290.2714657414028
13	11	1	25	0	0	1290.2714657414028
6	7	0	75	0	0	1290.4528346367165
6	7	1	25	5	5	1290.4528346367165
4	10	0	74	0	0	1290.7392113052233
4	10	1	26	0	0	1290.7392113052233
5	6	0	83	0	0	1291.8771412839187
5	6	1	17	4	4	1291.8771412839187
6	9	0	77	0	0	1292.1439996769316
6	9	1	23	4	4	1292.1439996769316
13	10	0	79	0	0	1294.0416426284912
13	10	1	21	0	0	1294.0416426284912
9	10	0	75	0	0	1295.5803952925037
9	10	1	25	0	0	1295.5803952925037
10	4	0	86	0	0	1296.9617280857292
10	4	1	14	0	0	1296.9617280857292
12	8	0	80	0	0	1297.4218041689542
12	8	1	20	0	0	1297.4218041689542
8	10	0	79	0	0	1297.6371826316051
8	10	1	21	6	6	1297.6371826316051
1	14	0	87	0	0	1297.9197174026292
1	14	1	13	0	0	1297.9197174026292
6	2	0	74	0	0	1300.287286843925
6	2	1	26	0	0	1300.287286843925
7	9	0	74	0	0	1300.3457644747093
7	9	1	26	0	0	1300.3457644747093
14	3	0	75	0	0	1300.3684253528443
14	3	1	25	1	1	1300.3684253528443
5	8	0	77	0	0	1301.9144303134572
5	8	1	23	7	7	1301.9144303134572
8	7	0	80	0	0	1302.4461725148874
8	7	1	20	1	1	1302.4461725148874
8	5	0	76	0	0	1303.8581952482507
8	5	1	24	8	8	1303.8581952482507
13	4	0	82	0	0	1305.95470761201
13	4	1	18	0	0	1305.95470761201
7	3	0	78	0	0	1306.065097232498
7	3	1	22	0	0	1306.065097232498
14	9	0	84	0	0	1310.6526455373448
14	9	1	16	7	7	1310.6526455373448
6	8	0	78	0	0	1311.0883071234946
6	8	1	22	0	0	1311.0883071234946
5	3	0	84	0	0	1311.5126666610859
5	3	1	16	0	0	1311.5126666610859
13	8	0	78	0	0	1311.782466402009
13	8	1	22	0	0	1311.782466402009
2	1	0	81	0	0	1311.9651719172955
2	1	1	19	0	0	1311.9651719172955
2	4	0	82	0	0	1314.8989950233959
2	4	1	18	0	0	1314.8989950233959
10	2	0	81	0	0	1315.6957151394759
10	2	1	19	0	0	1315.6957151394759
3	7	0	79	0	0	1317.6968431419493
3	7	1	21	0	0	1317.6968431419493
9	11	0	77	0	0	1318.7649732937477
9	11	1	23	0	0	1318.7649732937477
2	14	0	82	0	0	1320.7211635129897
2	14	1	18	0	0	1320.7211635129897
14	4	0	82	0	0	1320.8025182312454
14	4	1	18	0	0	1320.8025182312454
14	1	0	76	0	0	1321.4196864399494
14	1	1	24	0	0	1321.4196864399494
6	5	0	79	0	0	1323.748668191816
6	5	1	21	2	2	1323.748668191816
13	2	0	75	0	0	1325.0803654333345
13	2	1	25	0	0	1325.0803654333345
3	13	0	83	0	0	1325.885654691685
3	13	1	17	0	0	1325.885654691685
2	10	0	82	0	0	1326.1530286811637
2	10	1	18	0	0	1326.1530286811637
8	2	0	77	0	0	1327.613603052605
8	2	1	23	2	2	1327.613603052605
5	7	0	86	0	0	1327.8694635154866
5	7	1	14	1	1	1327.8694635154866
1	12	0	80	0	0	1329.2357877991217
1	12	1	20	0	0	1329.2357877991217
13	1	0	84	0	0	1330.4275877414905
13	1	1	16	0	0	1330.4275877414905
10	8	0	81	0	0	1332.3320046381396
10	8	1	19	2	2	1332.3320046381396
11	4	0	73	0	0	1333.6681887875911
11	4	1	27	0	0	1333.6681887875911
2	9	0	80	0	0	1335.29915788914
2	9	1	20	0	0	1335.29915788914
5	11	0	75	0	0	1335.80728145731
5	11	1	25	0	0	1335.80728145731
6	14	0	79	0	0	1336.027719521633
6	14	1	21	0	0	1336.027719521633
6	10	0	74	0	0	1337.2850835982513
6	10	1	26	3	3	1337.2850835982513
14	7	0	84	0	0	1337.943225002086
14	7	1	16	0	0	1337.943225002086
3	5	0	78	0	0	1338.280122508433
3	5	1	22	0	0	1338.280122508433
13	6	0	85	0	0	1338.330049547343
13	6	1	15	0	0	1338.330049547343
10	5	0	79	0	0	1338.3506628993123
10	5	1	21	0	0	1338.3506628993123
14	12	0	80	0	0	1339.591282674083
14	12	1	20	1	1	1339.591282674083
1	9	0	73	0	0	1340.3480363848344
1	9	1	27	0	0	1340.3480363848344
1	11	0	83	1	1	1342.5622582433066
1	11	1	17	4	4	1342.5622582433066
1	2	0	80	0	0	1346.447620655375
1	2	1	20	0	0	1346.447620655375
14	13	0	75	0	0	1346.9420184298094
14	13	1	25	0	0	1346.9420184298094
1	13	0	82	0	0	1347.5295852660352
1	13	1	18	0	0	1347.5295852660352
9	8	0	79	0	0	1348.0427298021984
9	8	1	21	5	5	1348.0427298021984
2	8	0	89	0	0	1348.8446040386305
2	8	1	11	1	1	1348.8446040386305
9	14	0	87	0	0	1349.594166040921
9	14	1	13	1	1	1349.594166040921
7	13	0	86	0	0	1349.7138210780552
7	13	1	14	0	0	1349.7138210780552
2	7	0	72	0	0	1350.6573962695181
2	7	1	28	1	1	1350.6573962695181
4	6	0	78	0	0	1350.7921854217461
4	6	1	22	5	5	1350.7921854217461
11	3	0	82	0	0	1351.2361739859398
11	3	1	18	4	4	1351.2361739859398
9	12	0	80	0	0	1351.2804452717394
9	12	1	20	0	0	1351.2804452717394
13	12	0	78	0	0	1351.7889112703074
13	12	1	22	0	0	1351.7889112703074
10	14	0	69	0	0	1353.4959587227959
10	14	1	31	7	7	1353.4959587227959
11	9	0	86	0	0	1354.4652676531855
11	9	1	14	0	0	1354.4652676531855
11	5	0	80	0	0	1355.062272487892
11	5	1	20	0	0	1355.062272487892
12	11	0	82	0	0	1355.3871180186527
12	11	1	18	0	0	1355.3871180186527
9	2	0	81	0	0	1355.680711984023
9	2	1	19	0	0	1355.680711984023
3	9	0	79	0	0	1356.2031542852903
3	9	1	21	2	2	1356.2031542852903
7	2	0	81	0	0	1359.189364731584
7	2	1	19	0	0	1359.189364731584
8	14	0	80	0	0	1360.0105808678725
8	14	1	20	0	0	1360.0105808678725
3	2	0	85	0	0	1360.6189343074154
3	2	1	15	1	1	1360.6189343074154
4	12	0	80	0	0	1363.0026942437814
4	12	1	20	0	0	1363.0026942437814
8	6	0	81	0	0	1364.0648289993967
8	6	1	19	0	0	1364.0648289993967
5	13	0	85	0	0	1365.598858412217
5	13	1	15	0	0	1365.598858412217
5	4	0	77	0	0	1367.1756806145756
5	4	1	23	0	0	1367.1756806145756
10	13	0	81	0	0	1367.849651003253
10	13	1	19	0	0	1367.849651003253
1	5	0	83	0	0	1368.9620086828195
1	5	1	17	0	0	1368.9620086828195
8	9	0	78	0	0	1369.3407672705052
8	9	1	22	6	6	1369.3407672705052
12	2	0	82	0	0	1370.5426090719893
12	2	1	18	0	0	1370.5426090719893
4	11	0	87	0	0	1372.5437682964568
4	11	1	13	0	0	1372.5437682964568
8	1	0	84	0	0	1372.8637054834387
8	1	1	16	0	0	1372.8637054834387
3	10	0	75	0	0	1373.0680696370348
3	10	1	25	0	0	1373.0680696370348
10	6	0	78	0	0	1374.84117301623
10	6	1	22	2	2	1374.84117301623
14	11	0	77	0	0	1375.2695980118397
14	11	1	23	7	7	1375.2695980118397
9	4	0	83	0	0	1375.4187430255377
9	4	1	17	0	0	1375.4187430255377
6	3	0	79	0	0	1375.5295006745166
6	3	1	21	0	0	1375.5295006745166
7	10	0	74	0	0	1378.6458066531684
7	10	1	26	0	0	1378.6458066531684
4	5	0	85	0	0	1384.0831452279726
4	5	1	15	0	0	1384.0831452279726
10	3	0	82	0	0	1384.2224984211393
10	3	1	18	2	2	1384.2224984211393
1	8	0	79	0	0	1384.7191373979297
1	8	1	21	0	0	1384.7191373979297
1	10	0	83	0	0	1384.8784182667341
1	10	1	17	0	0	1384.8784182667341
6	4	0	80	0	0	1385.2271600550898
6	4	1	20	5	5	1385.2271600550898
7	8	0	80	0	0	1387.3225973680094
7	8	1	20	1	1	1387.3225973680094
3	11	0	88	0	0	1388.8742611225987
3	11	1	12	2	2	1388.8742611225987
12	4	0	81	0	0	1389.855596367624
12	4	1	19	0	0	1389.855596367624
9	6	0	84	0	0	1390.8377154380587
9	6	1	16	1	1	1390.8377154380587
4	3	0	77	0	0	1392.9686144540988
4	3	1	23	0	0	1392.9686144540988
4	13	0	82	0	0	1393.8436466339188
4	13	1	18	1	1	1393.8436466339188
12	6	0	77	0	0	1396.822319013943
12	6	1	23	0	0	1396.822319013943
3	4	0	78	0	0	1396.9425883467945
3	4	1	22	0	0	1396.9425883467945
9	13	0	77	0	0	1399.3140634548436
9	13	1	23	1	1	1399.3140634548436
2	11	0	82	0	0	1401.0991392703306
2	11	1	18	6	6	1401.0991392703306
9	3	0	77	0	0	1403.0401808778674
9	3	1	23	4	4	1403.0401808778674
8	3	0	77	0	0	1406.3203274557068
8	3	1	23	0	0	1406.3203274557068
4	9	0	79	0	0	1420.1365392250684
4	9	1	21	0	0	1420.1365392250684
8	12	0	80	0	0	1433.2520390614407
8	12	1	20	0	0	1433.2520390614407
11	10	0	87	0	0	1452.0401565410543
11	10	1	13	0	0	1452.0401565410543
11	12	0	86	0	0	1463.57650006518
11	12	1	14	0	0	1463.57650006518
7	12	0	79	0	0	1465.3459551827546
7	12	1	21	0	0	1465.3459551827546
12	1	0	87	0	0	1476.5426445955854
12	1	1	13	0	0	1476.5426445955854
10	1	0	82	0	0	1478.8649607450639
10	1	1	18	0	0	1478.8649607450639
1	7	0	74	0	0	1479.6648112613364
1	7	1	26	2	2	1479.6648112613364
12	13	0	85	0	0	1490.7985049143974
12	13	1	15	0	0	1490.7985049143974
5	1	0	76	0	0	1524.0687341006528
5	1	1	24	1	1	1524.0687341006528
5	10	0	84	0	0	1529.4880172643698
5	10	1	16	0	0	1529.4880172643698
6	1	0	78	0	0	1548.07725289964
6	1	1	22	0	0	1548.07725289964
6	13	0	81	0	0	1554.3113873380005
6	13	1	19	2	2	1554.3113873380005
4	8	0	84	0	0	1562.587796552752
4	8	1	16	0	0	1562.587796552752
1	4	0	74	0	0	1582.3417519205773
1	4	1	26	2	2	1582.3417519205773
12	3	0	78	0	0	1596.0031030443104
12	3	1	22	0	0	1596.0031030443104
9	1	0	84	0	0	1600.6834906098725
9	1	1	16	0	0	1600.6834906098725
1	3	0	79	0	0	1601.0803033260772
1	3	1	21	1	1	1601.0803033260772
14	2	0	79	0	0	1604.6282518885757
14	2	1	21	0	0	1604.6282518885757
3	6	0	83	0	0	1609.403793893381
3	6	1	17	0	0	1609.403793893381
13	14	0	76	0	0	1615.196541150233
13	14	1	24	0	0	1615.196541150233
7	1	0	71	0	0	1624.4520573085415
7	1	1	29	1	1	1624.4520573085415
11	6	0	80	0	0	1626.5451549883653
11	6	1	20	1	1	1626.5451549883653
6	11	0	80	0	0	1627.6553369962658
6	11	1	20	1	1	1627.6553369962658
7	5	0	76	0	0	1633.0521737789272
7	5	1	24	1	1	1633.0521737789272
8	4	0	78	0	0	1633.324852653138
8	4	1	22	3	3	1633.324852653138
2	13	0	74	0	0	1633.5123862072203
2	13	1	26	0	0	1633.5123862072203
12	7	0	74	0	0	1641.2481070614979
12	7	1	26	0	0	1641.2481070614979
10	4	0	88	0	0	1641.6753902872847
10	4	1	12	0	0	1641.6753902872847
3	12	0	80	0	0	1648.0246430886325
3	12	1	20	0	0	1648.0246430886325
11	1	0	80	0	0	1648.3552857396173
11	1	1	20	3	3	1648.3552857396173
13	10	0	77	0	0	1652.160849325168
13	10	1	23	1	1	1652.160849325168
10	12	0	81	0	0	1652.6176276640106
10	12	1	19	0	0	1652.6176276640106
8	7	0	85	0	0	1653.298223489609
8	7	1	15	3	3	1653.298223489609
10	7	0	78	0	0	1655.816673859038
10	7	1	22	0	0	1655.816673859038
6	7	0	82	0	0	1656.1163110378216
6	7	1	18	4	4	1656.1163110378216
2	3	0	78	0	0	1656.9748280085312
2	3	1	22	1	1	1656.9748280085312
2	9	0	79	0	0	1662.185635739058
2	9	1	21	1	1	1662.185635739058
14	8	0	78	0	0	1662.325754395316
14	8	1	22	0	0	1662.325754395316
5	8	0	78	0	0	1663.669292842911
5	8	1	22	5	5	1663.669292842911
11	8	0	83	0	0	1665.309084807843
11	8	1	17	7	7	1665.309084807843
5	2	0	79	0	0	1668.8622747759855
5	2	1	21	0	0	1668.8622747759855
4	7	0	80	0	0	1669.1697272577167
4	7	1	20	0	0	1669.1697272577167
4	2	0	82	0	0	1669.5640641312775
4	2	1	18	1	1	1669.5640641312775
7	6	0	81	1	1	1670.5094269481326
7	6	1	19	5	5	1670.5094269481326
3	1	0	78	0	0	1672.5310089893198
3	1	1	22	0	0	1672.5310089893198
3	8	0	72	0	0	1674.8251416142227
3	8	1	28	0	0	1674.8251416142227
2	6	0	79	0	0	1677.1499571697561
2	6	1	21	0	0	1677.1499571697561
9	7	0	77	0	0	1677.9968974531844
9	7	1	23	0	0	1677.9968974531844
1	6	0	79	0	0	1679.814122938653
1	6	1	21	1	1	1679.814122938653
9	2	0	75	0	0	1685.9318270758731
9	2	1	25	0	0	1685.9318270758731
7	11	0	84	0	0	1686.9201702269506
7	11	1	16	0	0	1686.9201702269506
5	12	0	83	0	0	1692.3239071666094
5	12	1	17	0	0	1692.3239071666094
12	5	0	80	0	0	1694.4293021019344
12	5	1	20	0	0	1694.4293021019344
13	5	0	77	0	0	1694.8018574542928
13	5	1	23	0	0	1694.8018574542928
11	7	0	82	0	0	1696.0113449771995
11	7	1	18	0	0	1696.0113449771995
11	2	0	71	0	0	1698.2732524133248
11	2	1	29	4	4	1698.2732524133248
2	5	0	75	0	0	1698.3476258015182
2	5	1	25	0	0	1698.3476258015182
4	1	0	82	0	0	1698.4261470710935
4	1	1	18	0	0	1698.4261470710935
13	7	0	82	0	0	1700.1473698799657
13	7	1	18	0	0	1700.1473698799657
14	10	0	83	0	0	1701.604792665778
14	10	1	17	2	2	1701.604792665778
13	9	0	76	0	0	1705.5551269121788
13	9	1	24	2	2	1705.5551269121788
6	12	0	88	0	0	1705.964572561846
6	12	1	12	2	2	1705.964572561846
1	14	0	77	0	0	1706.9242933110145
1	14	1	23	0	0	1706.9242933110145
6	2	0	79	0	0	1710.1596792578293
6	2	1	21	0	0	1710.1596792578293
12	14	0	85	0	0	1710.92002325344
12	14	1	15	1	1	1710.92002325344
9	5	0	79	0	0	1711.3098366621837
9	5	1	21	0	0	1711.3098366621837
4	14	0	78	0	0	1711.511370698928
4	14	1	22	2	2	1711.511370698928
1	11	0	76	0	0	1711.6443631753405
1	11	1	24	4	4	1711.6443631753405
14	3	0	82	0	0	1714.5148345652613
14	3	1	18	2	2	1714.5148345652613
2	4	0	77	0	0	1716.927172475007
2	4	1	23	0	0	1716.927172475007
2	10	0	76	0	0	1716.974731752008
2	10	1	24	0	0	1716.974731752008
7	4	0	81	0	0	1717.2036988865013
7	4	1	19	0	0	1717.2036988865013
3	13	0	69	0	0	1718.139009459492
3	13	1	31	0	0	1718.139009459492
6	9	0	81	0	0	1718.8138516631168
6	9	1	19	1	1	1718.8138516631168
14	12	0	86	0	0	1723.4770110868797
14	12	1	14	0	0	1723.4770110868797
8	11	0	79	0	0	1726.2072625119656
8	11	1	21	4	4	1726.2072625119656
14	6	0	80	0	0	1726.7147932897512
14	6	1	20	0	0	1726.7147932897512
10	5	0	77	0	0	1730.5840454801357
10	5	1	23	0	0	1730.5840454801357
13	2	0	82	0	0	1732.5173371384858
13	2	1	18	0	0	1732.5173371384858
12	10	0	81	0	0	1733.4676150156233
12	10	1	19	0	0	1733.4676150156233
4	10	0	82	0	0	1734.2841624263037
4	10	1	18	0	0	1734.2841624263037
8	13	0	81	0	0	1735.0729019024106
8	13	1	19	0	0	1735.0729019024106
14	5	0	79	0	0	1735.344987430072
14	5	1	21	5	5	1735.344987430072
2	8	0	86	0	0	1736.9123094467861
2	8	1	14	1	1	1736.9123094467861
10	11	0	75	0	0	1737.3700011438261
10	11	1	25	0	0	1737.3700011438261
5	9	0	83	0	0	1738.1305727959202
5	9	1	17	0	0	1738.1305727959202
7	14	0	82	0	0	1738.5231736962157
7	14	1	18	3	3	1738.5231736962157
7	3	0	89	0	0	1738.6317033164878
7	3	1	11	2	2	1738.6317033164878
5	7	0	73	0	0	1738.6382383475268
5	7	1	27	1	1	1738.6382383475268
13	11	0	69	0	0	1738.6961235913811
13	11	1	31	4	4	1738.6961235913811
9	8	0	77	0	0	1739.1566599663965
9	8	1	23	5	5	1739.1566599663965
6	5	0	79	0	0	1739.4960362401505
6	5	1	21	5	5	1739.4960362401505
12	9	0	77	0	0	1740.6255512204536
12	9	1	23	0	0	1740.6255512204536
12	8	0	83	0	0	1743.5274876608694
12	8	1	17	0	0	1743.5274876608694
2	12	0	74	0	0	1745.8555504873714
2	12	1	26	0	0	1745.8555504873714
9	11	0	74	0	0	1748.135311360432
9	11	1	26	0	0	1748.135311360432
5	14	0	77	0	0	1749.1217216977857
5	14	1	23	6	6	1749.1217216977857
4	5	0	74	0	0	1749.2966231683565
4	5	1	26	0	0	1749.2966231683565
10	9	0	80	0	0	1749.4567116566147
10	9	1	20	0	0	1749.4567116566147
11	3	0	80	0	0	1749.7093379495466
11	3	1	20	6	6	1749.7093379495466
6	8	0	84	0	0	1750.995414333924
6	8	1	16	0	0	1750.995414333924
1	5	0	84	0	0	1752.4474913179747
1	5	1	16	0	0	1752.4474913179747
3	9	0	81	0	0	1753.9362478796868
3	9	1	19	5	5	1753.9362478796868
4	6	0	82	0	0	1754.2962134410075
4	6	1	18	6	6	1754.2962134410075
10	8	0	76	0	0	1755.1233736864792
10	8	1	24	3	3	1755.1233736864792
3	14	0	70	0	0	1755.8110294192845
3	14	1	30	0	0	1755.8110294192845
5	6	0	77	0	0	1757.934141623542
5	6	1	23	4	4	1757.934141623542
9	4	0	77	0	0	1759.0555416128348
9	4	1	23	0	0	1759.0555416128348
1	12	0	83	0	0	1759.3686202877966
1	12	1	17	0	0	1759.3686202877966
14	1	0	76	0	0	1759.568451802306
14	1	1	24	0	0	1759.568451802306
13	4	0	84	0	0	1762.2205619386082
13	4	1	16	1	1	1762.2205619386082
2	14	0	78	0	0	1762.533930904718
2	14	1	22	0	0	1762.533930904718
14	4	0	79	0	0	1762.877984496396
14	4	1	21	0	0	1762.877984496396
3	5	0	83	0	0	1763.3913376711637
3	5	1	17	0	0	1763.3913376711637
9	10	0	75	0	0	1763.6831334333
9	10	1	25	0	0	1763.6831334333
13	6	0	79	0	0	1763.718097563603
13	6	1	21	0	0	1763.718097563603
8	10	0	79	0	0	1763.8074774233858
8	10	1	21	5	5	1763.8074774233858
1	10	0	89	0	0	1764.8427735775704
1	10	1	11	0	0	1764.8427735775704
13	8	0	80	0	0	1766.0856424068284
13	8	1	20	0	0	1766.0856424068284
8	2	0	82	0	0	1769.8445768772012
8	2	1	18	1	1	1769.8445768772012
5	4	0	81	0	0	1771.1451907435055
5	4	1	19	0	0	1771.1451907435055
11	9	0	79	0	0	1771.1695903482719
11	9	1	21	0	0	1771.1695903482719
14	11	0	81	0	0	1773.6700347375297
14	11	1	19	5	5	1773.6700347375297
1	13	0	78	0	0	1774.367644790183
1	13	1	22	0	0	1774.367644790183
3	7	0	80	0	0	1776.4482377606282
3	7	1	20	2	2	1776.4482377606282
13	3	0	84	0	0	1776.8421427054157
13	3	1	16	0	0	1776.8421427054157
2	7	0	76	0	0	1779.379996705515
2	7	1	24	1	1	1779.379996705515
3	4	0	77	0	0	1779.6135020323334
3	4	1	23	0	0	1779.6135020323334
11	5	0	79	0	0	1779.8507653527622
11	5	1	21	0	0	1779.8507653527622
6	10	0	82	0	0	1783.034819859799
6	10	1	18	3	3	1783.034819859799
11	14	0	83	0	0	1783.567488226295
11	14	1	17	4	4	1783.567488226295
5	11	0	72	0	0	1786.2361348306679
5	11	1	28	0	0	1786.2361348306679
8	6	0	79	0	0	1786.2897721752497
8	6	1	21	0	0	1786.2897721752497
14	13	0	78	0	0	1790.1556011021944
14	13	1	22	0	0	1790.1556011021944
5	3	0	82	0	0	1792.5846050900943
5	3	1	18	0	0	1792.5846050900943
11	4	0	83	0	0	1795.2959234850287
11	4	1	17	0	0	1795.2959234850287
10	3	0	76	0	0	1797.383641167204
10	3	1	24	0	0	1797.383641167204
1	9	0	83	0	0	1797.397721293352
1	9	1	17	0	0	1797.397721293352
12	6	0	84	0	0	1800.380803400625
12	6	1	16	0	0	1800.380803400625
9	14	0	77	0	0	1800.7074842330176
9	14	1	23	3	3	1800.7074842330176
2	1	0	76	0	0	1801.69394986647
2	1	1	24	0	0	1801.69394986647
7	10	0	83	0	0	1805.6507976259109
7	10	1	17	0	0	1805.6507976259109
7	9	0	83	0	0	1806.189086246751
7	9	1	17	0	0	1806.189086246751
11	13	0	74	0	0	1806.9139835649132
11	13	1	26	5	5	1806.9139835649132
1	2	0	82	0	0	1808.0793352296314
1	2	1	18	0	0	1808.0793352296314
4	11	0	76	0	0	1808.6130930199477
4	11	1	24	2	2	1808.6130930199477
9	12	0	76	0	0	1809.2518682091898
9	12	1	24	0	0	1809.2518682091898
6	14	0	80	0	0	1809.873858508452
6	14	1	20	0	0	1809.873858508452
10	14	0	85	0	0	1811.7816011006994
10	14	1	15	2	2	1811.7816011006994
14	7	0	79	0	0	1814.636761110729
14	7	1	21	0	0	1814.636761110729
7	2	0	80	0	0	1817.6656205229212
7	2	1	20	0	0	1817.6656205229212
1	8	0	81	0	0	1818.0032087719649
1	8	1	19	1	1	1818.0032087719649
10	13	0	78	0	0	1819.320392988573
10	13	1	22	2	2	1819.320392988573
4	12	0	78	0	0	1820.494566256353
4	12	1	22	0	0	1820.494566256353
12	11	0	84	0	0	1821.1380655928403
12	11	1	16	0	0	1821.1380655928403
12	4	0	82	0	0	1821.1866543308313
12	4	1	18	0	0	1821.1866543308313
10	6	0	80	0	0	1823.1921694270914
10	6	1	20	4	4	1823.1921694270914
8	12	0	82	0	0	1823.2586096387888
8	12	1	18	0	0	1823.2586096387888
3	2	0	81	0	0	1824.9187385092541
3	2	1	19	1	1	1824.9187385092541
8	9	0	79	0	0	1825.9350232014299
8	9	1	21	5	5	1825.9350232014299
13	1	0	81	0	0	1827.0529555314292
13	1	1	19	0	0	1827.0529555314292
9	13	0	80	0	0	1827.8728344671342
9	13	1	20	3	3	1827.8728344671342
6	4	0	89	0	0	1828.366595906886
6	4	1	11	1	1	1828.366595906886
9	6	0	79	0	0	1829.4397391891234
9	6	1	21	3	3	1829.4397391891234
8	5	0	82	0	0	1829.4884418181662
8	5	1	18	8	8	1829.4884418181662
10	2	0	77	0	0	1829.6333613014074
10	2	1	23	0	0	1829.6333613014074
2	11	0	88	0	0	1835.0643986557166
2	11	1	12	4	4	1835.0643986557166
14	9	0	72	0	0	1837.4133634987702
14	9	1	28	5	5	1837.4133634987702
5	13	0	81	0	0	1843.9161079668759
5	13	1	19	0	0	1843.9161079668759
12	1	0	84	0	0	1845.2023336874474
12	1	1	16	0	0	1845.2023336874474
8	3	0	75	0	0	1847.3726595748492
8	3	1	25	0	0	1847.3726595748492
7	8	0	79	0	0	1847.5733367943258
7	8	1	21	0	0	1847.5733367943258
9	3	0	84	0	0	1850.5947558037024
9	3	1	16	1	1	1850.5947558037024
7	13	0	78	0	0	1855.1768532555286
7	13	1	22	1	1	1855.1768532555286
8	1	0	80	0	0	1859.783894243212
8	1	1	20	0	0	1859.783894243212
3	10	0	79	0	0	1861.1324041024793
3	10	1	21	2	2	1861.1324041024793
13	12	0	80	0	0	1863.9330178535704
13	12	1	20	0	0	1863.9330178535704
4	9	0	81	0	0	1872.2232323263963
4	9	1	19	0	0	1872.2232323263963
8	14	0	75	0	0	1873.010113282437
8	14	1	25	0	0	1873.010113282437
6	3	0	82	0	0	1873.5561541246707
6	3	1	18	0	0	1873.5561541246707
11	10	0	82	0	0	1878.8253583232802
11	10	1	18	0	0	1878.8253583232802
12	2	0	85	0	0	1888.300548847074
12	2	1	15	0	0	1888.300548847074
4	3	0	86	0	0	1902.705348797464
4	3	1	14	0	0	1902.705348797464
11	12	0	76	0	0	1907.1440065421855
11	12	1	24	0	0	1907.1440065421855
3	11	0	79	0	0	1908.1679901867672
3	11	1	21	2	2	1908.1679901867672
7	12	0	84	0	0	1915.6873629463669
7	12	1	16	0	0	1915.6873629463669
10	1	0	80	0	0	1916.0417304125103
10	1	1	20	1	1	1916.0417304125103
12	13	0	81	0	0	1922.7661500149768
12	13	1	19	1	1	1922.7661500149768
5	10	0	76	0	0	1937.0402899663632
5	10	1	24	0	0	1937.0402899663632
4	8	0	78	0	0	1941.683861883173
4	8	1	22	0	0	1941.683861883173
4	13	0	80	0	0	1943.5434156273081
4	13	1	20	6	6	1943.5434156273081
9	1	0	78	0	0	1946.98912829007
9	1	1	22	2	2	1946.98912829007
1	7	0	80	0	0	1947.8026187985827
1	7	1	20	0	0	1947.8026187985827
14	2	0	83	0	0	1964.1713037344157
14	2	1	17	0	0	1964.1713037344157
6	13	0	84	0	0	1969.088052117515
6	13	1	16	0	0	1969.088052117515
6	1	0	84	0	0	1990.1471519029153
6	1	1	16	0	0	1990.1471519029153
1	3	0	80	0	0	1997.676389134043
1	3	1	20	0	0	1997.676389134043
6	11	0	77	0	0	2005.742240922059
6	11	1	23	2	2	2005.742240922059
5	1	0	76	0	0	2020.574504008827
5	1	1	24	1	1	2020.574504008827
12	3	0	84	0	0	2023.9339535124564
12	3	1	16	0	0	2023.9339535124564
1	4	0	83	0	0	2025.1265837555145
1	4	1	17	2	2	2025.1265837555145
13	14	0	80	0	0	2028.1611576574273
13	14	1	20	0	0	2028.1611576574273
3	12	0	80	0	0	2039.6331088107547
3	12	1	20	0	0	2039.6331088107547
2	13	0	79	0	0	2049.3904974856823
2	13	1	21	0	0	2049.3904974856823
3	6	0	83	0	0	2052.1034521583124
3	6	1	17	0	0	2052.1034521583124
2	3	0	72	0	0	2054.2715667957077
2	3	1	28	0	0	2054.2715667957077
11	6	0	77	0	0	2063.887520631033
11	6	1	23	1	1	2063.887520631033
13	7	0	85	0	0	2066.100238909383
13	7	1	15	1	1	2066.100238909383
11	8	0	80	0	0	2070.0678141399003
11	8	1	20	2	2	2070.0678141399003
12	14	0	79	0	0	2072.7743217266043
12	14	1	21	0	0	2072.7743217266043
10	12	0	82	0	0	2074.286240166428
10	12	1	18	0	0	2074.286240166428
10	4	0	77	0	0	2076.182455779903
10	4	1	23	0	0	2076.182455779903
10	7	0	91	0	0	2077.399971244244
10	7	1	9	0	0	2077.399971244244
13	9	0	82	0	0	2081.5562910676163
13	9	1	18	1	1	2081.5562910676163
2	6	0	83	0	0	2085.308488246363
2	6	1	17	0	0	2085.308488246363
5	12	0	78	0	0	2092.4274817568253
5	12	1	22	0	0	2092.4274817568253
12	7	0	81	0	0	2094.120996786759
12	7	1	19	0	0	2094.120996786759
5	8	0	81	0	0	2096.4569029199106
5	8	1	19	1	1	2096.4569029199106
1	14	0	84	0	0	2096.71681200416
1	14	1	16	0	0	2096.71681200416
4	2	0	80	0	0	2098.209389418921
4	2	1	20	0	0	2098.209389418921
3	1	0	80	0	0	2098.5778595086754
3	1	1	20	0	0	2098.5778595086754
6	7	0	80	0	0	2098.9172884051986
6	7	1	20	3	3	2098.9172884051986
2	9	0	74	0	0	2105.3282819004644
2	9	1	26	1	1	2105.3282819004644
14	6	0	71	0	0	2106.544336771892
14	6	1	29	0	0	2106.544336771892
7	14	0	84	0	0	2109.995880078628
7	14	1	16	1	1	2109.995880078628
7	5	0	69	0	0	2110.5391915342284
7	5	1	31	0	0	2110.5391915342284
11	7	0	79	0	0	2110.7994783141603
11	7	1	21	4	4	2110.7994783141603
8	11	0	82	0	0	2113.111008903654
8	11	1	18	1	1	2113.111008903654
7	4	0	77	0	0	2113.204023125467
7	4	1	23	0	0	2113.204023125467
7	1	0	78	0	0	2114.8437258490594
7	1	1	22	2	2	2114.8437258490594
6	5	0	83	0	0	2115.76175996828
6	5	1	17	2	2	2115.76175996828
11	1	0	83	0	0	2122.787777788292
11	1	1	17	4	4	2122.787777788292
8	7	0	82	0	0	2122.8675077133535
8	7	1	18	2	2	2122.8675077133535
4	7	0	79	0	0	2124.3099225154383
4	7	1	21	1	1	2124.3099225154383
14	12	0	81	0	0	2124.49110986346
14	12	1	19	0	0	2124.49110986346
14	3	0	86	0	0	2124.5098676920625
14	3	1	14	0	0	2124.5098676920625
2	4	0	79	0	0	2124.9227109446088
2	4	1	21	1	1	2124.9227109446088
8	4	0	77	0	0	2125.137978604012
8	4	1	23	0	0	2125.137978604012
5	9	0	78	0	0	2126.0068571035436
5	9	1	22	0	0	2126.0068571035436
11	2	0	76	0	0	2127.824704713643
11	2	1	24	6	6	2127.824704713643
13	5	0	80	0	0	2131.472260257808
13	5	1	20	0	0	2131.472260257808
12	9	0	84	0	0	2131.5506171295133
12	9	1	16	1	1	2131.5506171295133
13	10	0	76	0	0	2132.7262525124147
13	10	1	24	0	0	2132.7262525124147
3	13	0	76	0	0	2133.2264923891385
3	13	1	24	0	0	2133.2264923891385
8	13	0	80	0	0	2135.4117871098406
8	13	1	20	0	0	2135.4117871098406
13	2	0	83	0	0	2135.5896466495
13	2	1	17	0	0	2135.5896466495
10	11	0	80	0	0	2136.923172075774
10	11	1	20	0	0	2136.923172075774
6	12	0	86	0	0	2138.7022878566354
6	12	1	14	2	2	2138.7022878566354
5	2	0	75	0	0	2139.4506750226587
5	2	1	25	0	0	2139.4506750226587
6	2	0	81	0	0	2140.2913886185806
6	2	1	19	0	0	2140.2913886185806
1	6	0	78	0	0	2140.8244300874876
1	6	1	22	0	0	2140.8244300874876
2	12	0	76	0	0	2141.280972215076
2	12	1	24	1	1	2141.280972215076
12	10	0	83	0	0	2142.8158373019373
12	10	1	17	0	0	2142.8158373019373
11	9	0	89	0	0	2143.1630269165785
11	9	1	11	0	0	2143.1630269165785
3	4	0	79	0	0	2143.665420970097
3	4	1	21	0	0	2143.665420970097
9	7	0	84	0	0	2144.7412993566345
9	7	1	16	0	0	2144.7412993566345
5	7	0	74	0	0	2145.075235778474
5	7	1	26	2	2	2145.075235778474
3	8	0	81	0	0	2146.420903880675
3	8	1	19	0	0	2146.420903880675
7	6	0	75	0	0	2152.4248918752946
7	6	1	25	9	9	2152.4248918752946
14	8	0	79	0	0	2156.004682668544
14	8	1	21	1	1	2156.004682668544
4	10	0	75	0	0	2157.4697974068145
4	10	1	25	0	0	2157.4697974068145
13	4	0	84	0	0	2157.718918206103
13	4	1	16	3	3	2157.718918206103
1	10	0	80	0	0	2161.7640272437247
1	10	1	20	0	0	2161.7640272437247
1	11	0	74	0	0	2163.88756359002
1	11	1	26	4	4	2163.88756359002
9	8	0	76	0	0	2164.1788424682086
9	8	1	24	5	5	2164.1788424682086
9	11	0	81	0	0	2164.4634494106785
9	11	1	19	0	0	2164.4634494106785
7	11	0	73	0	0	2167.3432808862067
7	11	1	27	0	0	2167.3432808862067
1	12	0	74	0	0	2167.5230364016893
1	12	1	26	0	0	2167.5230364016893
4	1	0	87	0	0	2171.708033808645
4	1	1	13	0	0	2171.708033808645
14	1	0	71	0	0	2173.1927661803306
14	1	1	29	0	0	2173.1927661803306
1	5	0	85	0	0	2173.3241201057267
1	5	1	15	0	0	2173.3241201057267
10	8	0	87	0	0	2174.501080122453
10	8	1	13	2	2	2174.501080122453
9	14	0	76	0	0	2174.5196069842714
9	14	1	24	7	7	2174.5196069842714
13	11	0	87	0	0	2175.6088590713653
13	11	1	13	1	1	2175.6088590713653
4	14	0	77	0	0	2178.0433482137664
4	14	1	23	0	0	2178.0433482137664
5	14	0	81	0	0	2178.4573221462424
5	14	1	19	3	3	2178.4573221462424
3	7	0	76	0	0	2178.8150171632624
3	7	1	24	0	0	2178.8150171632624
3	14	0	69	0	0	2182.088933635352
3	14	1	31	0	0	2182.088933635352
12	8	0	76	0	0	2182.8787361496125
12	8	1	24	0	0	2182.8787361496125
3	5	0	80	0	0	2183.0568367327674
3	5	1	20	0	0	2183.0568367327674
1	9	0	81	0	0	2184.0450125247476
1	9	1	19	0	0	2184.0450125247476
2	8	0	77	0	0	2184.201827648915
2	8	1	23	4	4	2184.201827648915
9	5	0	78	0	0	2184.9698499814235
9	5	1	22	0	0	2184.9698499814235
9	2	0	80	0	0	2185.888797799417
9	2	1	20	1	1	2185.888797799417
14	10	0	86	0	0	2187.482583160223
14	10	1	14	0	0	2187.482583160223
11	5	0	85	0	0	2189.9041182818537
11	5	1	15	0	0	2189.9041182818537
6	9	0	80	0	0	2191.2318800072553
6	9	1	20	4	4	2191.2318800072553
10	14	0	83	0	0	2191.420462804287
10	14	1	17	1	1	2191.420462804287
6	10	0	81	0	0	2191.567672852518
6	10	1	19	1	1	2191.567672852518
7	3	0	86	0	0	2191.831219067893
7	3	1	14	1	1	2191.831219067893
5	3	0	82	0	0	2194.6384271381266
5	3	1	18	0	0	2194.6384271381266
10	5	0	78	0	0	2197.10043191162
10	5	1	22	0	0	2197.10043191162
9	4	0	84	0	0	2201.3224192695066
9	4	1	16	0	0	2201.3224192695066
13	8	0	86	0	0	2201.4002316556735
13	8	1	14	0	0	2201.4002316556735
14	4	0	77	0	0	2202.015030652471
14	4	1	23	0	0	2202.015030652471
4	6	0	76	0	0	2202.700120841858
4	6	1	24	8	8	2202.700120841858
11	4	0	71	0	0	2205.4688090096593
11	4	1	29	0	0	2205.4688090096593
10	3	0	81	0	0	2205.7599751148973
10	3	1	19	0	0	2205.7599751148973
2	7	0	82	0	0	2207.5101377210885
2	7	1	18	1	1	2207.5101377210885
13	6	0	87	0	0	2208.0494416294737
13	6	1	13	0	0	2208.0494416294737
10	2	0	77	0	0	2208.709641961827
10	2	1	23	0	0	2208.709641961827
14	11	0	78	0	0	2212.555668416461
14	11	1	22	5	5	2212.555668416461
2	10	0	84	0	0	2213.198891680551
2	10	1	16	0	0	2213.198891680551
1	2	0	83	0	0	2214.403072727325
1	2	1	17	0	0	2214.403072727325
2	5	0	77	0	0	2215.8949482266257
2	5	1	23	0	0	2215.8949482266257
7	9	0	79	0	0	2217.680754378714
7	9	1	21	0	0	2217.680754378714
3	10	0	73	0	0	2218.9811934374156
3	10	1	27	2	2	2218.9811934374156
10	13	0	71	0	0	2220.348108416923
10	13	1	29	0	0	2220.348108416923
8	2	0	83	0	0	2220.431354911709
8	2	1	17	0	0	2220.431354911709
12	4	0	79	0	0	2220.8571380478243
12	4	1	21	0	0	2220.8571380478243
11	3	0	78	0	0	2223.04883025699
11	3	1	22	2	2	2223.04883025699
5	4	0	83	0	0	2223.360297073099
5	4	1	17	0	0	2223.360297073099
1	8	0	82	0	0	2223.8021882689027
1	8	1	18	0	0	2223.8021882689027
9	12	0	75	0	0	2224.3159461128225
9	12	1	25	0	0	2224.3159461128225
14	5	0	71	0	0	2227.1955247739165
14	5	1	29	3	3	2227.1955247739165
7	10	0	81	0	0	2227.2528648626903
7	10	1	19	0	0	2227.2528648626903
4	5	0	83	0	0	2228.4409662527437
4	5	1	17	0	0	2228.4409662527437
3	2	0	76	0	0	2230.887737255646
3	2	1	24	0	0	2230.887737255646
8	9	0	81	0	0	2230.9972317672205
8	9	1	19	4	4	2230.9972317672205
3	9	0	82	0	0	2231.4641624721185
3	9	1	18	2	2	2231.4641624721185
6	8	0	76	0	0	2233.4528371994247
6	8	1	24	0	0	2233.4528371994247
8	6	0	76	0	0	2234.3231093191266
8	6	1	24	0	0	2234.3231093191266
14	13	0	87	0	0	2235.5446792937655
14	13	1	13	0	0	2235.5446792937655
7	2	0	78	0	0	2237.051508789775
7	2	1	22	2	2	2237.051508789775
9	13	0	76	0	0	2238.2072463288687
9	13	1	24	1	1	2238.2072463288687
13	1	0	90	0	0	2238.3257094067
13	1	1	10	0	0	2238.3257094067
6	14	0	75	0	0	2240.2412765486474
6	14	1	25	0	0	2240.2412765486474
7	13	0	82	0	0	2240.788206995414
7	13	1	18	0	0	2240.788206995414
2	1	0	82	0	0	2241.7272462103847
2	1	1	18	0	0	2241.7272462103847
10	9	0	72	0	0	2242.5594654885535
10	9	1	28	0	0	2242.5594654885535
13	3	0	85	0	0	2243.5847360759544
13	3	1	15	0	0	2243.5847360759544
12	1	0	85	0	0	2245.2068323307576
12	1	1	15	0	0	2245.2068323307576
8	12	0	76	0	0	2245.6445537903064
8	12	1	24	0	0	2245.6445537903064
4	12	0	74	0	0	2247.0136577738576
4	12	1	26	0	0	2247.0136577738576
8	10	0	81	0	0	2249.1897482698764
8	10	1	19	1	1	2249.1897482698764
9	6	0	76	0	0	2252.9854414470697
9	6	1	24	3	3	2252.9854414470697
7	8	0	80	0	0	2253.8751665581713
7	8	1	20	1	1	2253.8751665581713
12	5	0	79	0	0	2253.897918086915
12	5	1	21	0	0	2253.897918086915
1	13	0	80	0	0	2254.925312113502
1	13	1	20	0	0	2254.925312113502
11	14	0	88	0	0	2256.3777587998334
11	14	1	12	2	2	2256.3777587998334
12	11	0	85	0	0	2258.4229663989413
12	11	1	15	0	0	2258.4229663989413
4	9	0	79	0	0	2258.8689861532134
4	9	1	21	0	0	2258.8689861532134
2	14	0	85	0	0	2261.312761570745
2	14	1	15	0	0	2261.312761570745
4	11	0	77	0	0	2263.745501680062
4	11	1	23	0	0	2263.745501680062
5	6	0	79	0	0	2264.4602139553667
5	6	1	21	0	0	2264.4602139553667
2	11	0	76	0	0	2264.945929943184
2	11	1	24	4	4	2264.945929943184
8	5	0	85	0	0	2276.7842715075662
8	5	1	15	1	1	2276.7842715075662
11	13	0	78	0	0	2279.7259897101158
11	13	1	22	3	3	2279.7259897101158
8	3	0	72	0	0	2279.8596485902244
8	3	1	28	0	0	2279.8596485902244
13	12	0	80	0	0	2284.239889374833
13	12	1	20	0	0	2284.239889374833
7	12	0	75	0	0	2290.4454669308197
7	12	1	25	0	0	2290.4454669308197
9	10	0	74	0	0	2290.517977718673
9	10	1	26	0	0	2290.517977718673
6	4	0	81	1	1	2300.4662730465257
6	4	1	19	4	4	2300.4662730465257
10	6	0	84	0	0	2301.420810437594
10	6	1	16	1	1	2301.420810437594
5	11	0	85	0	0	2303.9277422363025
5	11	1	15	0	0	2303.9277422363025
14	7	0	70	0	0	2306.067153862043
14	7	1	30	1	1	2306.067153862043
12	2	0	81	0	0	2310.602289229667
12	2	1	19	0	0	2310.602289229667
8	1	0	82	0	0	2313.2941246172722
8	1	1	18	0	0	2313.2941246172722
12	6	0	82	0	0	2314.3712774600094
12	6	1	18	0	0	2314.3712774600094
4	3	0	74	0	0	2319.0734038234355
4	3	1	26	0	0	2319.0734038234355
11	10	0	77	0	0	2323.312033871385
11	10	1	23	0	0	2323.312033871385
6	3	0	72	0	0	2324.4810698708984
6	3	1	28	0	0	2324.4810698708984
1	7	0	78	0	0	2332.6898747674977
1	7	1	22	0	0	2332.6898747674977
10	1	0	82	0	0	2334.8749988885015
10	1	1	18	1	1	2334.8749988885015
3	11	0	76	0	0	2339.0955144621526
3	11	1	24	3	3	2339.0955144621526
8	14	0	82	0	0	2357.310050327299
8	14	1	18	1	1	2357.310050327299
5	13	0	80	0	0	2357.771190833513
5	13	1	20	0	0	2357.771190833513
9	1	0	85	0	0	2357.865928123253
9	1	1	15	1	1	2357.865928123253
9	3	0	79	0	0	2358.7992831771517
9	3	1	21	1	1	2358.7992831771517
4	8	0	76	0	0	2359.163843726606
4	8	1	24	0	0	2359.163843726606
11	12	0	85	0	0	2361.8545235842425
11	12	1	15	0	0	2361.8545235842425
4	13	0	83	0	0	2362.9475381461784
4	13	1	17	0	0	2362.9475381461784
14	9	0	86	0	0	2379.8469385350495
14	9	1	14	1	1	2379.8469385350495
12	13	0	81	0	0	2385.332150749603
12	13	1	19	0	0	2385.332150749603
